0	325.0603
3.245349306	325.1603
6.494510417	325.1609
9.747286111	325.2678
13.00361528	325.2617
16.26363958	325.2626
19.52704028	325.3624
22.79407153	325.3635
26.06482014	325.4631
29.33912361	325.4642
32.61741389	325.4654
35.89962986	325.5652
39.18529722	325.5664
42.47435694	325.5607
45.76708681	325.5619
49.06367222	325.5562
52.36402778	325.5577
55.66771944	325.6654
58.97459236	325.6669
62.2847	325.6684
65.59809028	325.7693
68.91497847	325.7642
72.23553056	325.766
75.55966389	325.7609
78.88728194	325.7633
82.21850486	325.8646
85.55330903	325.8667
88.89165347	325.8621
92.23344236	325.8575
95.57861389	325.8671
98.92704097	325.8624
102.2786646	325.9637
105.6338931	325.9659
108.9925	325.9611
112.3540944	325.9566
115.7187611	325.9658
119.0866306	325.968
122.4577639	326.0623
125.8323076	326.0648
129.2103604	326.067
132.5918896	326.0623
135.9765708	325.9657
139.3642618	325.9613
142.7551639	325.9638
146.1493111	325.9667
149.5465535	325.9623
152.9467181	325.9649
156.3500014	325.9608
159.7566104	325.9639
163.166341	325.967
166.5776931	325.9563
169.9884743	325.9594
173.3999306	325.9631
176.8142757	325.9665
180.2314125	325.9626
183.6512083	325.9666
187.0736701	325.9633
190.49895	325.9601
193.9272063	325.8651
197.3584104	325.8624
200.7923181	325.8666
204.2288882	325.8636
207.6685056	325.7619
211.1110486	325.7597
214.5563701	325.7646
218.0044049	325.6629
221.4550528	325.6607
224.9082993	325.6658
228.3643486	325.5647
231.8235813	325.5629
235.2856438	325.4615
238.7503743	325.4599
242.2178139	325.4653
245.6878139	325.3645
249.1603701	325.3629
252.635784	325.2696
256.1141903	325.2608
259.5953688	325.2668
263.0791444	325.1663
266.5653986	325.1581
270.0543708	325.164
273.5458924	325.1627
277.039891	325.0628
280.5364882	325.0616
284.0357153	325.0605
287.5376326	324.9609
291.0419535	324.9669
294.548541	324.9593
298.0577556	324.9655
301.5698326	324.9579
305.0844056	324.8658
308.6011569	324.8653
312.1199681	324.8649
315.6409285	324.8581
319.164316	324.8577
322.6902931	324.8578
326.2185271	324.8647
329.7487139	324.8576
333.2810868	324.8642
336.8154736	324.8641
340.352216	324.8641
343.8917368	324.864
347.4332785	324.864
350.976484	324.9629
354.5216153	324.9625
358.069216	324.9628
361.6193875	324.9625
365.1717875	324.9624
368.7261035	324.963
372.2821861	324.963
375.8403722	324.9632
379.4009722	324.9637
382.9639542	324.9638
386.529066	324.9643
390.096034	324.9574
393.6650924	324.9577
397.2363472	324.9649
400.8096576	324.965
404.3852139	324.9653
407.963084	324.9654
411.5428333	324.9588
415.1244021	324.9661
418.7080875	324.9665
422.2939764	324.9601
425.8819708	324.9608
429.4722285	324.9619
433.0647042	324.963
436.6590479	324.9642
440.2552875	324.9589
443.853341	324.9606
447.4532076	324.9625
451.0548569	324.957
454.6582951	324.9656
458.2623611	324.9673
461.860425	324.9621
465.4423118	324.9633
469.0004236	325.0631
472.5298931	325.0562
476.0266042	325.0627
479.4873306	325.0621
482.9104028	325.0601
486.29615	325.0575
489.6428868	325.0682
492.9490417	325.0639
496.2161389	325.0656
499.4443042	325.0601
502.6327556	325.0601
505.7811403	325.0667
508.8895486	325.0585
511.95845	324.9641
514.9886049	324.9614
517.9799653	324.9643
520.9334583	324.9668
523.8482035	324.9612
526.7235931	324.9619
529.5612222	324.9618
532.3610764	324.8686
535.1235188	324.8596
537.8494882	324.864
540.5406125	324.8602
543.1986722	324.8627
545.8245465	324.8644
548.4179521	324.7662
550.9785042	324.7595
553.5062646	324.7586
556.0024375	324.6646
558.4690563	324.662
560.9078764	324.6653
563.3204188	324.5685
565.7069014	324.5624
568.069041	324.5626
570.4101931	324.4628
572.7319903	324.4681
575.0355361	324.3595
577.3214069	324.3627
579.5897778	324.2661
581.8412799	324.2673
584.076375	324.2611
586.2953111	324.1613
588.4981771	324.1594
590.6848611	324.0641
592.8553736	324.0598
595.0097201	323.9622
597.1482215	323.9696
599.2719368	323.9613
601.3811556	323.8666
603.4759792	323.8626
605.5571542	323.8645
607.625275	323.7655
609.6811729	323.7644
611.7254569	323.7623
613.7577938	323.6666
615.7781778	323.6685
617.7869924	323.6621
619.7842188	323.6685
621.7701354	323.5672
623.7450111	323.5637
625.7096847	323.5658
627.6672007	323.5592
629.6244535	323.5583
631.5870125	323.5568
633.5565681	323.5605
635.5340368	323.464
637.5190319	323.4654
639.5115243	323.4586
641.5117299	323.4579
643.5194	323.4629
645.5344458	323.4667
647.5567389	323.4624
649.5861174	323.4637
651.6224132	323.4635
653.6656375	323.3635
655.7160757	323.3605
657.7740333	323.3636
659.8394521	323.3654
661.9121569	323.359
663.9917056	323.3654
666.0780326	323.3635
668.1715917	323.3669
670.272434	323.3626
672.3805965	323.3639
674.4958299	323.3636
676.618084	323.3624
678.7474097	323.3672
680.8835792	323.3631
683.02685	323.4638
685.1773479	323.4642
687.335016	323.4632
689.5000757	323.4609
691.6727722	323.4573
693.8530875	323.4597
696.0409299	323.5673
698.2363194	323.567
700.4393361	323.5662
702.6500354	323.5643
704.8681701	323.5611
707.0936951	323.557
709.3263764	323.6581
711.5662708	323.6584
713.8133424	323.6653
716.0672965	323.664
718.3283285	323.6615
720.5962646	323.6577
722.8711313	323.6676
725.1531403	323.6617
727.4422424	323.7614
729.7386875	323.7611
732.0425979	323.7596
734.3535611	323.764
736.6718785	323.7609
738.9980479	323.7633
741.3320965	323.7652
743.6744215	323.7662
746.025209	323.7598
748.3843319	323.7598
750.7519014	323.7595
753.1276306	323.7659
755.5112701	323.7582
757.9029146	323.7646
760.3028583	323.7639
762.7113111	323.756
765.1279757	323.7622
767.5526222	323.7609
769.9854132	323.7597
772.4265451	323.6591
774.8759528	323.6645
777.3334847	323.6629
779.7994597	323.6612
782.2739819	323.5673
784.756859	323.5651
787.248075	323.563
789.7475556	323.4619
792.2552931	323.4595
794.7713354	323.3579
797.2959028	323.3695
799.8290375	323.2605
802.3705542	323.159
804.9203694	323.1628
807.4785542	323.0608
810.044916	322.9655
812.6197	322.9622
815.2028854	322.8594
817.7942583	322.7636
820.3940035	322.6678
823.0019889	322.5648
825.6181014	322.5677
828.2423826	322.4642
830.8750167	322.2618
833.5159632	322.1653
836.165591	322.0614
838.823934	321.9577
841.4905688	321.7617
844.1657528	321.6576
846.8494924	321.4611
849.541666	321.3639
852.2423389	321.1603
854.9513715	320.9568
857.6686771	320.859
860.3943847	320.6619
863.1284569	320.4576
865.8705771	320.3594
868.6207826	320.162
871.3795174	319.9572
874.146459	319.8583
876.9210542	319.6604
879.7038188	319.4689
882.4946757	319.2634
885.2934333	319.0573
888.1002896	318.8581
890.914941	318.6659
893.7373542	318.5654
896.5633556	318.3586
899.3926806	318.1656
902.2291542	317.9581
905.0725799	317.7574
907.9228431	317.6625
910.7797875	317.4613
913.643275	317.2667
916.5134681	317.0574
919.3904813	316.9609
922.2741438	316.758
925.1642451	316.668
928.0607715	316.4643
930.9639701	316.3662
933.8736222	316.1619
936.7895965	315.9638
939.7121111	315.8644
942.6410896	315.666
945.5763021	315.5582
948.5178465	315.3654
951.4657264	315.1648
954.4198549	315.0631
957.3803458	314.8618
960.3470257	314.7662
963.3197674	314.5637
966.2988056	314.4598
969.2842257	314.2637
972.2757167	314.1591
975.2699993	313.9621
978.2578507	313.8639
981.2284431	313.7658
984.1734924	313.5619
987.0873229	313.4646
989.9667924	313.368
992.8100563	313.2653
995.6163139	313.0641
998.3833896	312.9626
1001.108742	312.8623
1003.792876	312.6636
1006.436781	312.5581
1009.040897	312.4678
1011.605774	312.3638
1014.131398	312.268
1016.618195	312.1664
1019.067206	312.0654
1021.47932	311.9655
1023.856013	311.859
1026.198488	311.7606
1028.506573	311.6629
1030.77858	311.5659
1033.014347	311.4625
1035.216227	311.3666
1037.386119	311.3636
1039.526008	311.2618
1041.637651	311.1602
1043.72186	311.0662
1045.779849	310.965
1047.812769	310.8642
1049.821519	310.7636
1051.806381	310.7627
1053.768458	310.6625
1055.709258	310.5622
1057.628956	310.4624
1059.527773	310.3625
1061.405688	310.2631
1063.2629	310.2623
1065.099856	310.1627
1066.917149	310.063
1068.715412	310.0625
1070.494546	309.9632
1072.254631	309.8639
1073.996518	309.8631
1075.721319	309.7635
1077.429663	309.6569
1079.121949	309.663
1080.798517	309.5632
1082.459467	309.5621
1084.105594	309.5613
1085.737774	309.4616
1087.356976	309.4606
1088.963708	309.4597
1090.55866	309.3595
1092.141934	309.3656
1093.713884	309.3649
1095.276037	309.258
1096.831045	309.2572
1098.388457	309.2634
1099.952756	309.2623
1101.523588	309.2608
1103.102542	309.259
1104.689336	309.264
1106.284156	309.2617
1107.88741	309.2658
1109.499153	309.2632
1111.119118	309.2671
1112.747587	309.2636
1114.384297	309.2671
1116.029302	309.1571
1117.683	309.1604
1119.344982	309.1636
1121.014751	309.1593
1122.692758	309.1623
1124.37908	309.1653
1126.073767	309.1684
1127.777369	309.164
1129.49031	309.1667
1131.212978	309.1627
1132.945313	309.1586
1134.687227	309.1685
1136.43906	309.1575
1138.201004	309.1606
1139.973654	309.1636
1141.757752	309.1604
1143.552907	309.1638
1145.358599	309.0682
1147.175115	309.065
1149.00251	309.0617
1150.84062	309.0589
1152.689286	309.0637
1154.548639	309.0615
1156.418088	309.0667
1158.297264	309.0648
1160.187049	309.0635
1162.087176	309.0626
1163.996793	309.0621
1165.916074	309.0618
1167.845204	309.0623
1169.783757	309.0632
1171.731452	309.0645
1173.68836	309.0592
1175.654496	309.0614
1177.629626	309.0647
1179.613749	309.0612
1181.606451	309.0655
1183.607439	309.0632
1185.617171	309.0685
1187.636025	309.0677
1189.66446	309.0671
1191.702694	309.0604
1193.751094	309.0679
1195.810267	309.0687
1197.880142	309.0631
1199.960748	309.0652
1202.052199	309.0677
1204.154261	309.1624
1206.266726	309.1582
1208.389635	309.162
1210.522974	309.1587
1212.666678	309.1628
1214.82024	309.1601
1216.984067	309.0583
1219.159043	309.0629
1221.344786	309.0672
1223.540974	309.0643
1225.747597	309.0616
1227.96478	309.1645
1230.192007	309.1685
1232.429853	309.1644
1234.6781	309.1678
1236.935571	309.1634
1239.202349	309.1663
1241.478618	309.1621
1243.764501	309.1641
1246.059919	309.1666
1248.359672	309.1685
1250.663708	309.1638
1252.97602	309.265
1255.296318	309.2599
1257.6252	309.2618
1259.96237	309.2637
1262.307744	309.2653
1264.661122	309.3655
1267.022724	309.3668
1269.392412	309.3678
1271.770046	309.4611
1274.155797	309.4618
1276.549615	309.4628
1278.951522	309.4629
1281.361417	309.5623
1283.779223	309.5624
1286.205099	309.5625
1288.639047	309.562
1291.080787	309.6608
1293.530508	309.6606
1295.988231	309.6601
1298.453589	309.6668
1300.926613	309.7649
1303.407377	309.7641
1305.895892	309.8625
1308.391988	309.8614
1310.895678	309.8605
1313.407123	309.9655
1315.926135	309.9641
1318.452619	310.0621
1320.986794	310.0607
1323.528469	310.0664
1326.077503	310.1638
1328.633955	310.1621
1331.197571	310.2592
1333.768565	310.2646
1336.347011	310.3618
1338.932629	310.3594
1341.525385	310.4634
1344.125323	310.4611
1346.732409	310.4658
1349.346681	310.5626
1351.967903	310.5599
1354.59614	310.6633
1357.231631	310.6603
1359.874203	310.7635
1362.523679	310.7607
1365.179933	310.7646
1367.843042	310.8672
1370.513136	310.8636
1373.190246	310.9594
1375.874272	310.9627
1378.565038	310.9588
1381.262652	311.0616
1383.967193	311.0646
1386.678484	311.0609
1389.396588	311.1561
1392.12148	311.1663
1394.852997	311.1625
1397.590962	311.2644
1400.335546	311.2676
1403.08689	311.2563
1405.844777	311.3654
1408.60921	311.361
1411.379947	311.3638
1414.15707	311.4582
1416.940655	311.4612
1419.730298	311.5624
1422.526108	311.5583
1425.328132	311.5605
1428.136276	311.662
1430.949324	311.6647
1433.764303	311.6597
1436.581965	311.7611
1439.404983	311.7636
1442.233704	311.7591
1445.067994	311.8605
1447.907602	311.8632
1450.752704	311.8656
1453.603255	311.8607
1456.459033	311.8634
1459.320124	311.866
1462.186549	311.8691
1465.058449	311.8648
1467.93611	311.8674
1470.819251	311.863
1473.707622	311.8658
1476.601467	311.8689
1479.500726	311.8647
1482.405312	311.8678
1485.315273	311.8639
1488.230791	311.8599
1491.151901	311.8632
1494.0783	311.8595
1497.009946	311.763
1499.946978	311.7664
1502.889417	311.7627
1505.837351	311.7659
1508.790936	311.7621
1511.749935	311.6597
1514.714075	311.6631
1517.683486	311.6668
1520.65829	311.6632
1523.638526	311.561
1526.624	311.5576
1529.614464	311.5615
1532.61021	311.5579
1535.611158	311.562
1538.617139	311.5663
1541.628264	311.5637
1544.644524	311.4622
1547.665878	311.4667
1550.692372	311.4641
1553.724092	311.4622
1556.761003	311.4601
1559.803039	311.3661
1562.850133	311.3642
1565.902328	311.3626
1568.959365	311.3681
1572.021299	311.2608
1575.088292	311.2661
1578.160268	311.2574
1581.237179	311.2631
1584.318994	311.2619
1587.405718	311.2602
1590.497184	311.1597
1593.593515	311.1585
1596.69488	311.1642
1599.801055	311.1629
1602.912045	311.0627
1606.028009	311.0614
1609.148833	311.0678
1612.27419	311.0667
1615.404169	311.0587
1618.538969	310.9659
1621.6785	310.9651
1624.822656	310.9645
1627.971303	310.9639
1631.12456	310.8572
1634.282522	310.864
1637.445173	310.8634
1640.612331	310.8633
1643.783988	310.7643
1646.960099	310.7644
1650.140689	310.7643
1653.325893	310.7649
1656.515564	310.6588
1659.709441	310.6664
1662.907564	310.667
1666.109972	310.6676
1669.316574	310.661
1672.527335	310.5626
1675.742006	310.5632
1678.960519	310.5638
1682.183184	310.5643
1685.410306	310.5651
1688.641694	310.4595
1691.87719	310.46
1695.116968	310.4611
1698.360769	310.4619
1701.608658	310.4626
1704.860768	310.3575
1708.116751	310.3654
1711.376947	310.3667
1714.641619	310.3677
1717.910219	310.3625
1721.182714	310.2645
1724.459348	310.2588
1727.740024	310.2605
1731.024856	310.262
1734.313941	310.1648
1737.607029	310.1598
1740.90405	310.1618
1744.205031	310.0578
1747.50996	310.06
1750.818886	310.0627
1754.131772	309.9662
1757.448301	309.9689
1760.768602	309.958
1764.092794	309.961
1767.420841	309.8647
1770.752676	309.8607
1774.08797	309.8567
1777.427015	309.8596
1780.769774	309.8694
1784.116122	309.8651
1787.466093	309.7617
1790.819571	309.764
1794.176631	309.7661
1797.537451	309.7682
1800.901888	309.6642
1804.269783	309.6665
1807.641044	309.6611
1811.015726	309.5642
1814.394055	309.5591
1817.77595	309.5614
1821.161199	309.5634
1824.549913	309.4599
1827.942031	309.463
1831.337394	309.4658
1834.736283	309.4616
1838.138313	309.3658
1841.540094	309.3616
1844.941865	309.3649
1848.346485	309.3615
1851.753781	309.3649
1855.164033	309.2623
1858.577278	309.2586
1861.993197	309.2622
1865.411795	309.2588
1868.833227	309.2621
1872.257319	309.2587
1875.683926	309.1633
1879.113397	309.1596
1882.545733	309.1634
1885.980923	309.1667
1889.418878	309.163
1892.859673	309.1591
1896.303473	309.0631
1899.749965	309.0661
1903.199083	309.0621
1906.650905	308.9662
1910.105598	308.9619
1913.563178	308.9577
1917.023667	308.8612
1920.487108	308.8636
1923.953448	308.8661
1927.422357	308.7623
1930.89391	308.7642
1934.368097	308.6669
1937.845093	308.6614
1941.325097	308.6627
1944.807783	308.5649
1948.293194	308.5657
1951.781279	308.4607
1955.272072	308.4684
1958.765729	308.4618
1962.262049	308.3629
1965.760888	308.3626
1969.262386	308.2635
1972.766585	308.263
1976.273397	308.262
1979.782859	308.1617
1983.294974	308.1674
1986.809765	308.0669
1990.327122	308.0648
1993.847086	308.0625
1997.369597	307.9604
2000.894616	307.9576
2004.422199	307.8616
2007.952271	307.8649
2011.485075	307.7615
2015.020616	307.7643
2018.558612	307.6676
2022.099198	307.6618
2025.642534	307.5643
2029.188508	307.565
2032.737121	307.4667
2036.288399	307.3613
2039.842453	307.3617
2043.399013	307.2626
2046.957999	307.1635
2050.519626	307.1629
2054.083913	307.063
2057.651077	306.9632
2061.221083	306.8628
2064.793703	306.7624
2068.369187	306.6615
2071.94749	306.5675
2075.52849	306.4594
2079.112315	306.3646
2082.699072	306.2627
2086.288569	306.1602
2089.880582	306.0577
2093.475315	305.9616
2097.072853	305.7589
2100.672715	305.662
2104.270369	305.5575
2107.855086	305.4671
2111.416708	305.3623
2114.949592	305.1653
2118.450893	305.0676
2121.917402	304.9633
2125.345202	304.7606
2128.731755	304.6575
2132.075601	304.4631
2135.377487	304.3681
2138.638078	304.1607
2141.857338	304.0604
2145.036221	303.861
2148.175856	303.7616
2151.277263	303.662
2154.341251	303.4647
2157.366817	303.3597
2160.352095	303.1633
2163.298917	303.0595
2166.208113	302.8643
2169.07885	302.7615
2171.911562	302.5673
2174.707277	302.4662
2177.467696	302.3655
2180.192956	302.1662
2182.881561	302.0672
2185.531382	301.8618
2188.141115	301.7635
2190.711422	301.56
2193.244392	301.4626
2195.741998	301.3659
2198.205722	301.2626
2200.633873	301.1596
2203.024176	300.9583
2205.37764	300.8632
2207.696988	300.7617
2209.982686	300.6678
2212.232977	300.5602
2214.447667	300.4595
2216.627054	300.2675
2218.771793	300.1613
2220.883673	300.1615
2222.96431	300.0627
2225.013815	299.9645
2227.032605	299.8664
2229.021876	299.7617
2230.982458	299.6643
2232.914653	299.5598
2234.818441	299.5614
2236.694467	299.4639
2238.543534	299.3601
2240.366487	299.3617
2242.163199	299.2647
2243.933176	299.1603
2245.677775	299.1622
2247.39937	299.0641
2249.099367	299.065
2250.777269	299.0586
2252.433308	298.9666
2254.068815	298.9665
2255.684776	298.9584
2257.282095	298.8654
2258.861627	298.8641
2260.423721	298.8625
2261.968731	298.8601
2263.497019	298.8645
2265.009459	298.7628
2266.50671	298.7668
2267.988728	298.7631
2269.455618	298.7667
2270.907734	298.7627
2272.345574	298.7585
2273.769989	298.7615
2275.178606	298.658
2276.569828	298.6676
2277.945746	298.6632
2279.306053	298.6655
2280.650973	298.5687
2281.980913	298.564
2283.295874	298.566
2284.596745	298.561
2285.88389	298.4643
2287.156964	298.4599
2288.41541	298.4623
2289.658891	298.4579
2290.887708	298.4677
2292.102388	298.3647
2293.30282	298.368
2294.489527	298.3647
2295.66318	298.3615
2296.823353	298.3586
2297.971147	298.363
2299.108126	298.3678
2300.235154	298.2602
2301.354587	298.2662
2302.472465	298.2651
2303.596193	298.2643
2304.728417	298.2634
2305.870524	298.2628
2307.023043	298.2617
2308.185281	298.2677
2309.358526	298.2665
2310.543956	298.2654
2311.742066	298.2641
2312.952955	298.2631
2314.177217	298.2617
2315.416689	298.2603
2316.672426	298.2663
2317.943017	298.2643
2319.228435	298.2632
2320.531417	298.2613
2321.852006	298.2666
2323.188422	298.2646
2324.540414	298.263
2325.907817	298.2677
2327.29065	298.2659
2328.689587	298.2639
2330.104683	298.2614
2331.535406	298.2661
2332.981406	298.2567
2334.442592	298.2619
2335.919324	298.2596
2337.411624	298.2645
2338.919346	298.2618
2340.442275	298.2666
2341.980456	298.2643
2343.534397	298.3679
2345.103772	298.3656
2346.688251	298.3629
2348.287842	298.3602
2349.902352	298.3642
2351.531765	298.368
2353.176084	298.4637
2354.834676	298.467
2356.507391	298.4637
2358.194736	298.4665
2359.896607	298.5614
2361.612899	298.5638
2363.343033	298.5589
2365.08669	298.6675
2366.842696	298.6622
2368.603722	298.7562
2370.371503	298.7648
2372.151897	298.8657
2373.943764	298.8672
2375.747108	298.9604
2377.561587	299.0606
2379.387415	299.0621
2381.224206	299.1619
2383.071804	299.2616
2384.930374	299.2624
2386.799974	299.3619
2388.680142	299.4684
2390.570861	299.5605
2392.472461	299.6595
2394.38454	299.7652
2396.306817	299.8635
2398.239213	299.9613
2400.181819	300.059
2402.134566	300.1637
2404.097357	300.2679
2406.070327	300.3577
2408.053278	300.5675
2410.046128	300.6565
2412.048925	300.7664
2414.061592	300.961
2416.083991	301.0634
2418.116058	301.2644
2420.157643	301.3588
2422.208631	301.5591
2424.269066	301.6601
2426.338715	301.8596
2428.417698	302.0663
2430.505829	302.1591
2432.602644	302.3578
2434.708097	302.5565
2436.822176	302.7616
2438.944916	302.9596
2441.076368	303.1641
2443.216358	303.4605
2445.364731	303.6646
2447.521306	303.8687
2449.686274	304.0648
2451.859717	304.2611
2454.041463	304.4641
2456.231401	304.6669
2458.429554	304.9681
2460.635865	305.1632
2462.849913	305.3646
2465.071974	305.5658
2467.302136	305.7597
2469.540215	306.0666
2471.786031	306.2669
2474.039388	306.467
2476.30029	306.7592
2478.56871	306.9658
2480.844663	307.1654
2483.127972	307.3648
2485.418031	307.6628
2487.710266	307.8692
2489.995305	308.0612
2492.264792	308.2609
2494.511856	308.468
2496.734209	308.6612
2498.931231	308.8627
2501.099655	309.0645
2503.237746	309.2672
2505.345524	309.4635
2507.42622	309.6609
2509.481377	309.8587
2511.509042	309.9581
2513.5091	310.1575
2515.484221	310.2659
2517.438159	310.3676
2519.373075	310.4632
2521.288491	310.5593
2523.179615	310.6628
2525.044719	310.7674
2526.887739	310.8664
2528.710122	310.9657
2530.512751	311.0593
2532.296306	311.0617
2534.06031	311.1636
2535.805454	311.266
2537.532789	311.2633
2539.242849	311.3676
2540.935556	311.4657
2542.610956	311.4585
2544.269179	311.4593
2545.910438	311.5598
2547.535601	311.5627
2549.145609	311.5592
2550.741149	311.6627
2552.322788	311.6617
2553.890992	311.6612
2555.445978	311.6618
2556.987953	311.6639
2558.517037	311.667
2560.032928	311.6641
2561.535813	311.6626
2563.025884	311.6622
2564.502876	311.6628
2565.966589	311.6646
2567.417083	311.6604
2568.854318	311.6579
2570.278503	311.6633
2571.690076	311.6629
2573.089345	311.6641
2574.477012	311.6658
2575.852893	311.563
2577.217301	311.5679
2578.57214	311.5594
2579.920136	311.567
2581.267865	311.5612
2582.620031	311.5637
2583.978117	311.5609
2585.343878	311.4596
2586.716748	311.4587
2588.096952	311.4661
2589.485221	311.4607
2590.881602	311.3569
2592.286023	311.3677
2593.698588	311.3658
2595.119696	311.3647
2596.549639	311.2663
2597.988809	311.2607
2599.43737	311.2566
2600.895699	311.2606
2602.364703	311.1597
2603.845244	311.1587
2605.337404	311.1589
2606.841094	311.0613
2608.356601	311.0637
2609.884086	311.0602
2611.423495	310.9661
2612.97529	310.9645
2614.539526	310.9644
2616.115763	310.8591
2617.704493	310.8609
2619.305818	310.8641
2620.918415	310.7614
2622.54337	310.7664
2624.181209	310.6589
2625.830911	310.6589
2627.492753	310.6668
2629.166239	310.5624
2630.851578	310.5586
2632.549116	310.4633
2634.258463	310.461
2635.979565	310.4673
2637.712468	310.3679
2639.457279	310.3618
2641.214356	310.3637
2642.983467	310.26
2644.764289	310.2638
2646.557136	310.1619
2648.362306	310.1672
2650.179975	310.1659
2652.009676	310.0594
2653.85128	310.0668
2655.705535	309.9622
2657.572018	309.9642
2659.450449	309.967
2661.340774	309.8578
2663.242934	309.8622
2665.157015	309.8672
2667.082927	309.8585
2669.020435	309.7585
2670.969397	309.7646
2672.930366	309.7644
2674.903312	309.7643
2676.887853	309.765
2678.883908	309.667
2680.891497	309.661
2682.910646	309.6625
2684.941435	309.6574
2686.98377	309.6664
2689.037557	309.5627
2691.102865	309.5653
2693.179693	309.568
2695.267845	309.5641
2697.367023	309.5673
2699.477343	309.4648
2701.598873	309.4614
2703.7314	309.4583
2705.875063	309.363
2708.029896	309.3605
2710.195781	309.365
2712.372722	309.2636
2714.560578	309.2612
2716.759226	309.1599
2718.968722	309.1648
2721.189188	309.1628
2723.420401	309.069
2725.661919	309.0601
2727.913623	308.9664
2730.175627	308.9644
2732.442747	308.8636
2734.714659	308.8615
2736.995529	308.7602
2739.285276	308.7651
2741.583968	308.6636
2743.891383	308.6606
2746.207267	308.5587
2748.53005	308.5627
2750.858061	308.4666
2753.190653	308.4622
2755.527799	308.3647
2757.86939	308.3661
2760.215734	308.2603
2762.566531	308.2606
2764.92059	308.1684
2767.276131	308.1601
2769.630863	308.0659
2771.983249	307.9638
2774.332721	307.9598
2776.679199	307.8629
2779.023031	307.7649
2781.365037	307.7646
2783.706421	307.6642
2786.048534	307.6616
2788.392077	307.5596
2790.737252	307.5621
2793.084079	307.4579
2795.432581	307.3595
2797.783035	307.3659
2800.135178	307.2659
2802.488722	307.1641
2804.843799	307.0612
2807.200355	307.0635
2809.558397	306.9655
2811.91827	306.866
2814.280083	306.8647
2816.64391	306.7631
2819.009918	306.6605
2821.378333	306.656
2823.749375	306.5655
2826.123327	306.4595
2828.500105	306.3666
2830.878814	306.3647
2833.257744	306.263
2835.635208	306.1673
2838.011397	306.0627
2840.387502	305.9643
2842.76486	305.9633
2845.145211	305.8622
2847.530252	305.7668
2849.921367	305.7624
2852.319367	305.6643
2854.724442	305.565
2857.136676	305.4646
2859.555934	305.4621
2861.982069	305.3661
2864.415328	305.2617
2866.855635	305.2625
2869.302978	305.1631
2871.757159	305.0625
2874.217951	304.9606
2876.685571	304.8647
2879.160232	304.8593
2881.642219	304.7679
2884.13159	304.6616
2886.628731	304.5611
2889.133823	304.4596
2891.646606	304.3645
2894.167047	304.2608
2896.695277	304.2628
2899.231674	304.1579
2901.776375	304.059
2904.329191	303.9597
2906.890285	303.8596
2909.45986	303.7592
2912.03767	303.6653
2914.623462	303.5636
2917.217102	303.4614
2919.818301	303.3656
2922.426951	303.2615
2925.042866	303.1572
2927.66605	303.0593
2930.29667	302.9675
2932.934483	302.868
2935.580335	302.6618
2938.234494	302.5608
2940.89597	302.5653
2943.564628	302.4629
2946.240692	302.3671
2948.924888	302.2639
2951.617508	302.1616
2954.318015	302.0667
2957.026317	301.8663
2959.742404	301.7589
2962.466327	301.6658
2965.198214	301.5657
2967.937986	301.4662
2970.685315	301.3592
2973.44026	301.2595
2976.202743	301.16
2978.972656	301.0673
2981.750326	300.9679
2984.535583	300.7695
2987.328253	300.6629
2990.128397	300.5641
2992.935992	300.465
2995.747924	300.3663
2998.562932	300.2611
3001.383666	300.0634
3004.211053	299.9583
3007.044933	299.8601
3009.885289	299.7622
3012.732197	299.6646
3015.585619	299.4678
3018.44553	299.3633
3021.311822	299.2657
3024.184605	299.0626
3027.064049	298.9654
3029.949888	298.8615
3032.842176	298.6581
3035.740883	298.5612
3038.646044	298.4643
3041.557651	298.2612
3044.475449	298.1643
3047.39973	297.9616
3050.330402	297.8647
3053.267358	297.7605
3056.210761	297.5647
3059.160592	297.4607
3062.11649	297.2653
3065.078474	297.1616
3068.046978	297.0653
3071.021917	296.8564
3074.003021	296.7605
3076.990215	296.559
3079.983494	296.4639
3082.983155	296.2627
3085.989259	296.161
3089.001694	295.9601
3092.02021	295.7593
3095.043664	295.6651
3098.065784	295.4645
3101.075976	295.2643
3104.064244	295.0637
3107.023908	294.9625
3109.951378	294.7623
3112.844094	294.6679
3115.70129	294.4676
3118.520788	294.3661
3121.300715	294.1659
3124.041658	294.0648
3126.743997	293.8571
3129.408108	293.7633
3132.034239	293.563
3134.622215	293.462
3137.172715	293.3607
3139.687238	293.1607
3142.166383	293.0661
3144.609606	292.9582
3147.016386	292.8571
3149.386883	292.7636
3151.722933	292.6698
3154.025447	292.5618
3156.291743	292.4617
3158.520736	292.3615
3160.712797	292.2687
3162.868146	292.2679
3164.987344	292.1613
3167.070617	292.0691
3169.118719	292.0619
3171.131877	291.9633
3173.110861	291.865
3175.056767	291.8655
3176.970319	291.7611
3178.852502	291.7631
3180.704661	291.7586
3182.528265	291.6632
3184.325871	291.6607
3186.098578	291.6656
3187.844047	291.5655
3189.562815	291.5648
3191.257586	291.5581
3192.930142	291.4673
3194.582177	291.4621
3196.214329	291.4649
3197.826946	291.3623
3199.420351	291.3675
3200.995127	291.3592
3202.552369	291.2671
3204.092615	291.2612
3205.615835	291.2632
3207.122826	291.1601
3208.614013	291.1644
3210.089071	291.1628
3211.548827	291.0633
3212.993488	291.0638
3214.423792	291.0655
3215.839605	290.9626
3217.238913	290.9597
3218.62352	290.9581
3219.995308	290.9646
3221.353162	290.965
3222.697078	290.9664
3224.027613	290.8627
3225.344921	290.8589
3226.651271	290.863
3227.951174	290.8612
3229.252189	290.8604
3230.559481	290.8607
3231.874617	290.763
3233.199143	290.7586
3234.532787	290.7623
3235.875734	290.76
3237.228065	290.7595
3238.589518	290.7667
3239.960453	290.7683
3241.340729	290.7642
3242.729987	290.7609
3244.128256	290.7656
3245.535392	290.7646
3246.951562	290.7638
3248.37668	290.764
3249.810154	290.7658
3251.25211	290.6692
3252.703152	290.6581
3254.163682	290.6621
3255.634176	290.66
3257.114088	290.6581
3258.602358	290.6644
3260.099224	290.6641
3261.606145	290.6644
3263.12448	290.6658
3264.654856	290.6605
3266.197523	290.5644
3267.752374	290.5678
3269.319694	290.565
3270.89994	290.5629
3272.493154	290.5613
3274.09891	290.568
3275.716569	290.5612
3277.339994	290.5616
3278.968545	290.4638
3280.607281	290.4651
3282.256278	290.4678
3283.916133	290.4631
3285.587051	290.4595
3287.268865	290.4631
3288.961869	290.4602
3290.666226	290.4652
3292.381788	290.4632
3294.108181	290.462
3295.845272	290.3622
3297.594147	290.3622
3299.355023	290.3694
3301.127839	290.469
3302.912895	290.4632
3304.709717	290.4645
3306.518438	290.4594
3308.339451	290.4618
3310.172397	290.4645
3312.016734	290.4605
3313.872465	290.5632
3315.739713	290.5598
3317.618542	290.5642
3319.508786	290.5614
3321.410441	290.5663
3323.323769	290.5574
3325.248869	290.6691
3327.185494	290.6611
3329.133433	290.6602
3331.092681	290.6597
3333.063353	290.6667
3335.045494	290.6598
3337.039131	290.6673
3339.044181	290.6615
3341.060419	290.7616
3343.087827	290.7633
3345.126465	290.7651
3347.176248	290.7602
3349.236915	290.7628
3351.308403	290.7657
3353.390604	290.7615
3355.48356	290.7651
3357.587081	290.7614
3359.700898	290.8641
3361.82516	290.8611
3363.95973	290.8652
3366.104368	290.8624
3368.258844	290.8599
3370.423337	290.8646
3372.597836	290.862
3374.7822	290.8595
3376.976531	290.9634
3379.180473	290.961
3381.393895	290.9586
3383.616661	290.9636
3385.848888	290.9614
3388.0907	290.9659
3390.340847	291.0628
3392.594192	291.0605
3394.851855	291.065
3397.117805	291.0623
3399.390974	291.0664
3401.671176	291.0634
3403.957938	291.0602
3406.25085	291.0636
3408.549701	291.0597
3410.854212	291.0626
3413.163654	291.065
3415.477526	291.06
3417.795603	291.0615
3420.117819	291.0631
3422.444079	291.0637
3424.774083	291.0637
3427.107026	291.0636
3429.442041	291.0628
3431.779059	290.9624
3434.1179	290.9676
3436.458222	290.9646
3438.800052	290.9611
3441.143469	290.9639
3443.488039	290.8672
3445.833096	290.8613
3448.178033	290.8618
3450.522206	290.8686
3452.865231	290.7613
3455.206601	290.7663
3457.545303	290.7629
3459.880447	290.759
3462.208359	290.7677
3464.528579	290.6625
3466.84231	290.6615
3469.148357	290.6599
3471.446865	290.664
3473.736997	290.6599
3476.017982	290.6688
3478.288972	290.662
3480.549347	290.6689
3482.799089	290.6671
3485.038396	290.6639
3487.267925	290.6602
3489.487783	290.669
3491.697622	290.663
3493.897612	290.663
3496.087769	290.6618
3498.268263	290.6667
3500.439524	290.6634
3502.601571	290.6659
3504.754294	290.6674
3506.897869	290.6606
3509.032211	290.6672
3511.157178	290.6653
3513.273131	290.6625
3515.380673	290.6654
3517.479945	290.6669
3519.571057	290.6674
3521.654191	290.6666
3523.72956	290.6649
3525.797831	290.6619
3527.859539	290.6659
3529.914525	290.6688
3531.962456	290.6639
3534.002757	290.666
3536.035728	290.6598
3538.060763	290.6672
3540.074499	290.6669
3542.076819	290.6577
3544.068173	290.5632
3546.048204	290.5665
3548.017398	290.5616
3549.976131	290.4636
3551.925693	290.4562
3553.866649	290.4622
3555.800032	290.3604
3557.727769	290.3567
3559.651598	290.3591
3561.572453	290.261
3563.493554	290.2608
3565.415785	290.1603
3567.339256	290.1576
3569.265195	290.1681
3571.193775	290.0643
3573.126349	290.0652
3575.06364	289.959
3577.006275	289.9646
3578.954567	289.863
3580.908841	289.8665
3582.869497	289.7622
3584.836897	289.7633
3586.8113	289.6641
3588.793136	289.6628
3590.782812	289.5614
3592.780583	289.4587
3594.786673	289.4611
3596.80136	289.3632
3598.824804	289.2643
3600.857415	289.2632
3602.899422	289.1626
3604.950622	289.0604
3607.010916	288.9644
3609.080368	288.8597
3611.159081	288.8602
3613.24719	288.7675
3615.344816	288.6668
3617.452359	288.5648
3619.57011	288.4623
3621.698202	288.3653
3623.836885	288.2601
3625.98603	288.1612
3628.145321	288.0607
3630.314731	287.9596
3632.494258	287.8639
3634.683575	287.6611
3636.879738	287.5634
3639.079878	287.4644
3641.285992	287.3645
3643.499676	287.2635
3645.719969	287.1683
3647.945739	286.9586
3650.176492	286.8609
3652.412334	286.7621
3654.652914	286.6624
3656.896899	286.5685
3659.141158	286.4668
3661.383228	286.2651
3663.623223	286.1617
3665.862313	286.0574
3668.101365	285.9666
3670.340592	285.8603
3672.580626	285.6619
3674.823216	285.5688
3677.070103	285.4608
3679.32278	285.267
3681.582396	285.1641
3683.849131	285.0676
3686.123128	284.8571
3688.404567	284.766
3690.693572	284.5607
3692.99043	284.4609
3695.295336	284.3605
3697.608061	284.1595
3699.928525	284.0574
3702.256492	283.8625
3704.592041	283.7583
3706.935115	283.5619
3709.28526	283.4632
3711.642478	283.2652
3714.006676	283.1653
3716.377886	283.0645
3718.756251	282.8638
3721.141637	282.762
3723.533844	282.6595
3725.932894	282.4645
3728.338866	282.3675
3730.75171	282.2632
3733.171095	282.1651
3735.59685	282.0595
3738.029142	281.8616
3740.468168	281.7625
3742.913974	281.6627
3745.366667	281.5623
3747.825923	281.4684
3750.291481	281.3604
3752.763558	281.3653
3755.241833	281.2634
3757.726242	281.1611
3760.217084	281.059
3762.714271	280.9638
3765.217989	280.9601
3767.728467	280.8572
3770.245747	280.7612
3772.769847	280.6578
3775.300781	280.6608
3777.838573	280.5645
3780.383053	280.4678
3782.934203	280.3641
3785.491994	280.2603
3788.056129	280.1639
3790.626386	280.0668
3793.202726	280.0692
3795.784883	279.9586
3798.372703	279.862
3800.966488	279.8647
3803.566247	279.7685
3806.171642	279.7646
3808.78267	279.6615
3811.39936	279.6652
3814.021643	279.6616
3816.649394	279.5597
3819.282818	279.5642
3821.921816	279.5616
3824.566213	279.5597
3827.21632	279.558
3829.872113	279.5637
3832.533413	279.5626
3835.200443	279.5617
3837.873119	279.5612
3840.551491	279.462
3843.235574	279.4622
3845.925052	279.4629
3848.620247	279.464
3851.320948	279.4653
3854.026802	279.3681
3856.738182	279.3632
3859.455662	279.3653
3862.179033	279.2623
3864.907929	279.2582
3867.64281	279.2618
3870.383726	279.1668
3873.130876	279.1639
3875.884697	279.1617
3878.64389	279.0607
3881.405303	279.0591
3884.169541	279.058
3886.939815	278.9657
3889.71686	278.9581
3892.500286	278.8652
3895.289497	278.865
3898.084545	278.8574
3900.885817	278.7647
3903.693382	278.7637
3906.507013	278.6638
3909.326548	278.6625
3912.152024	278.562
3914.983763	278.5677
3917.821619	278.4669
3920.665433	278.3589
3923.515063	278.3571
3926.370287	278.2627
3929.231306	278.2676
3932.098116	278.166
3934.970685	278.1633
3937.849091	278.0612
3940.733338	277.9658
3943.623597	277.9626
3946.519631	277.8599
3949.421396	277.8632
3952.32896	277.7602
3955.242325	277.7632
3958.161467	277.6666
3961.086429	277.6624
3964.017292	277.5586
3966.9539	277.561
3969.896144	277.4639
3972.84389	277.4588
3975.797181	277.3614
3978.756083	277.363
3981.720668	277.2654
3984.690982	277.2594
3987.666861	277.1615
3990.648414	277.0636
3993.635899	277.0643
3996.629153	276.9656
3999.628099	276.8594
4002.632606	276.7674
4005.642583	276.7601
4008.6581	276.6603
4011.679271	276.5675
4014.705918	276.5662
4017.738224	276.4661
4020.776212	276.3584
4023.819531	276.2645
4026.868205	276.2624
4029.92235	276.161
4032.982104	276.0594
4036.047457	275.958
4039.118147	275.9622
4042.194057	275.8603
4045.275292	275.7656
4048.361969	275.6639
4051.45404	275.5687
4054.551562	275.4664
4057.654301	275.4629
4060.762238	275.3673
4063.875183	275.2576
4066.993115	275.1623
4070.116137	275.0662
4073.244114	275.0623
4076.377326	274.9593
4079.51591	274.8631
4082.659736	274.76
4085.808774	274.6636
4088.962928	274.5604
4092.121949	274.5632
4095.286077	274.46
4098.455293	274.3635
4101.629388	274.2603
4104.808199	274.1638
4107.991974	274.067
4111.180812	273.9635
4114.374353	273.86
4117.572571	273.7563
4120.775491	273.6599
4123.982956	273.5633
4127.194756	273.5599
4130.410826	273.4575
4133.631047	273.3625
4136.855001	273.3675
4140.082567	273.2599
4143.313615	273.2664
4146.548315	273.2661
4149.786734	273.2596
4153.028461	273.1618
4156.273153	273.1637
4159.520294	273.1666
4162.769263	273.1626
4166.019394	273.1667
4169.270283	273.0583
4172.52119	273.0636
4175.771232	273.0628
4179.019964	273.0633
4182.266722	273.065
4185.510978	272.9683
4188.751869	272.9645
4191.988372	272.9624
4195.219933	272.9607
4198.446292	272.9677
4201.667398	272.9617
4204.883099	272.9641
4208.093388	272.8611
4211.298145	272.8584
4214.497099	272.8637
4217.69005	272.7641
4220.877185	272.7575
4224.058694	272.7666
4227.234134	272.7627
4230.402593	272.6613
4233.562168	272.6599
4236.711966	272.6606
4239.852215	272.6627
4242.982683	272.6662
4246.103728	272.6644
4249.216058	272.6637
4252.321435	272.6648
4255.423039	272.6674
4258.52346	272.6647
4261.623117	272.6631
4264.720996	272.7627
4267.815999	272.7636
4270.90864	272.7653
4274.000937	272.7617
4277.094861	272.7657
4280.192069	272.7639
4283.292823	272.7631
4286.396671	272.6641
4289.503803	272.6652
4292.613894	272.6672
4295.726672	272.6634
4298.842513	272.6611
4301.961219	272.5607
4305.082581	272.5679
4308.20736	272.5619
4311.335725	272.4646
4314.466716	272.4677
4317.600022	272.4584
4320.735952	272.4648
4323.874469	272.465
4327.015951	272.4663
4330.160465	272.3622
4333.30741	272.3581
4336.456467	272.3622
4339.608153	272.4667
4342.762719	272.466
4345.920066	272.4664
4349.079845	272.4604
4352.24278	272.469
4355.409231	272.4643
4358.578368	272.4673
4361.750447	272.4578
4364.925401	272.4629
4368.102942	272.4622
4371.284054	272.4617
4374.468708	272.4629
4377.657358	272.4637
4380.850499	272.4659
4384.047035	272.4619
4387.246981	272.4587
4390.451099	272.4635
4393.659942	272.4683
4396.872475	272.4659
4400.088466	272.4641
4403.308392	272.5617
4406.53224	272.5673
4409.760187	272.559
4412.992112	272.5651
4416.227799	272.664
4419.467515	272.6634
4422.711186	272.6636
4425.958928	272.6633
4429.210813	272.6632
4432.466691	272.7618
4435.726747	272.7614
4438.990706	272.7606
4442.258439	272.7597
4445.530257	272.7582
4448.806094	272.764
4452.085858	272.7692
4455.369473	272.7603
4458.656863	272.7649
4461.948228	272.7621
4465.243469	272.7659
4468.54261	272.7628
4471.845772	272.7661
4475.152618	272.7625
4478.462889	272.7655
4481.776395	272.7616
4485.093618	272.7646
4488.414501	272.7606
4491.738774	272.6649
4495.066813	272.6615
4498.398551	272.6589
4501.734136	272.6632
4505.073751	272.6675
4508.417241	272.6649
4511.764328	272.5633
4515.114877	272.5603
4518.469109	272.5635
4521.827005	272.5601
4525.188313	272.563
4528.553119	272.5587
4531.921541	272.4621
4535.293465	272.4642
4538.668951	272.4663
4542.047949	272.4673
4545.43027	272.4617
4548.816099	272.3635
4552.205154	272.3637
4555.593815	272.3636
4558.982193	272.3633
4562.373387	272.3627
4565.767349	272.3618
4569.164134	272.3601
4572.563552	272.3651
4575.965583	272.3621
4579.370227	272.3661
4582.77737	272.3689
4586.187083	272.4635
4589.599504	272.4653
4593.014492	272.467
4596.432099	272.4611
4599.852322	272.4615
4603.274899	272.4614
4606.699917	272.468
4610.127423	272.4666
4613.557521	272.4572
4616.990194	272.5675
4620.425116	272.5644
4623.86234	272.5676
4627.302075	272.5635
4630.744251	272.6578
4634.189097	272.667
4637.636615	272.6619
4641.086626	272.6637
4644.538946	272.6649
4647.993432	272.6587
4651.450306	272.6591
4654.909442	272.6659
4658.370588	272.6584
4661.834003	272.6639
4665.300192	272.6683
4668.76882	272.6653
4672.239501	272.6615
4675.712558	272.6641
4679.188155	272.666
4682.666077	272.6675
4686.146644	272.6616
4689.629952	272.6623
4693.115733	272.6625
4696.603794	272.6622
4700.094135	272.6611
4703.587137	272.6595
4707.082657	272.665
4710.580334	272.6626
4714.080372	272.6599
4717.58298	272.6639
4721.088158	272.6676
4724.595654	272.6636
4728.105538	272.6593
4731.617946	272.6691
4735.132544	272.6641
4738.649349	272.6595
4742.168479	272.6613
4745.68989	272.7619
4749.213658	272.7637
4752.739844	272.765
4756.268135	272.7592
4759.798334	272.7672
4763.330772	272.7607
4766.865347	272.8607
4770.401801	272.8613
4773.940562	272.8618
4777.481682	272.9609
4781.024762	272.9615
4784.56987	272.9684
4788.117192	272.9612
4791.666593	273.0667
4795.218019	273.0657
4798.771551	273.0641
4802.327078	273.0689
4805.884658	273.066
4809.444255	273.1615
4813.005676	273.1645
4816.569121	273.1597
4820.134607	273.1611
4823.702108	273.162
4827.271533	273.1618
4830.842833	273.1614
4834.415996	273.2664
4837.99102	273.2646
4841.567888	273.2626
4845.146522	273.2599
4848.727074	273.3632
4852.309467	273.3591
4855.893669	273.362
4859.479877	273.3571
4863.067944	273.4651
4866.657832	273.4659
4870.249706	273.4658
4873.843425	273.4583
4877.438841	273.464
4881.036036	273.4616
4884.635151	273.4659
4888.234997	273.4625
4891.829608	273.4656
4895.409136	273.4612
4898.963386	273.4632
4902.485538	273.4653
4905.971837	273.5665
4909.419133	273.5623
4912.826689	273.5583
4916.193594	273.661
4919.518047	273.6653
4922.799111	273.6629
4926.036913	273.668
4929.232603	273.7654
4932.386963	273.7574
4935.500834	273.8628
4938.574544	273.8626
4941.608222	273.8629
4944.603164	273.8632
4947.560294	273.9566
4950.479106	273.9651
4953.358569	273.967
4956.198142	273.9623
4958.998663	273.9651
4961.761377	273.9616
4964.486902	274.0647
4967.175835	274.0616
4969.828886	274.0594
4972.447288	274.0648
4975.03219	274.063
4977.583265	274.1613
4980.099751	274.168
4982.581749	274.1609
4985.030251	274.1615
4987.446303	274.2689
4989.830161	274.2635
4992.180753	274.2657
4994.496157	274.2687
4996.775017	274.2577
4999.016546	274.3606
5001.22119	274.3654
5003.390506	274.3639
5005.526324	274.363
5007.63009	274.363
5009.702764	274.463
5011.744767	274.4647
5013.757308	274.4602
5015.742171	274.4641
5017.701101	274.5606
5019.6357	274.5667
5021.545669	274.5661
5023.431173	274.5597
5025.293724	274.6606
5027.134474	274.6633
5028.954216	274.6599
5030.753231	274.7641
5032.532592	274.7626
5034.293296	274.7623
5036.035641	274.7633
5037.760873	274.7651
5039.469975	274.867
5041.163738	274.8638
5042.843015	274.862
5044.508354	274.8676
5046.160764	274.8605
5047.801327	274.9678
5049.429802	274.9628
5051.045041	274.9656
5052.645999	274.962
5054.23271	275.0587
5055.806098	275.0645
5057.366	275.0648
5058.912915	275.0664
5060.447637	275.1616
5061.969331	275.1656
5063.479388	275.2631
5064.978928	275.2627
5066.468095	275.2567
5067.948783	275.3577
5069.423278	275.3681
5070.89323	275.4646
5072.360307	275.4628
5073.829233	275.5618
5075.302482	275.5626
5076.781334	275.6638
5078.26713	275.7663
5079.759634	275.7638
5081.259593	275.8613
5082.767106	275.9673
5084.282285	275.9613
5085.805455	276.0624
5087.336357	276.1647
5088.875101	276.261
5090.422105	276.2666
5091.97682	276.365
5093.538815	276.4642
5095.109047	276.4584
5096.687827	276.5671
5098.274974	276.6624
5099.870597	276.7666
5101.474142	276.758
5103.084959	276.8636
5104.702783	276.963
5106.328021	276.9644
5107.961367	277.0655
5109.603489	277.1606
5111.25473	277.1645
5112.915322	277.2614
5114.585349	277.2673
5116.264995	277.3665
5117.954692	277.4662
5119.654558	277.4605
5121.364281	277.5625
5123.084002	277.6576
5124.813973	277.7613
5126.554336	277.7592
5128.305146	277.8641
5130.066528	277.9626
5131.838567	277.9632
5133.621105	278.0634
5135.414262	278.1642
5137.218051	278.2661
5139.032501	278.3614
5140.857515	278.4647
5142.693288	278.4621
5144.53969	278.5663
5146.396499	278.6569
5148.263708	278.7624
5150.141127	278.8611
5152.028721	278.9606
5153.926604	278.9614
5155.834895	279.0624
5157.753417	279.1636
5159.682118	279.2651
5161.621087	279.3675
5163.57092	279.4632
5165.531881	279.5592
5167.503303	279.663
5169.48503	279.6609
5171.477183	279.7655
5173.479664	279.8631
5175.492389	279.9613
5177.515643	280.0667
5179.549403	280.1654
5181.593467	280.2644
5183.647819	280.3642
5185.712419	280.4642
5187.787478	280.564
5189.873104	280.6646
5191.968927	280.6593
5194.074699	280.7679
5196.190587	280.8624
5198.316541	280.9643
5200.452489	281.0599
5202.59858	281.0634
5204.75466	281.1661
5206.92053	281.2628
5209.096099	281.3594
5211.281255	281.4635
5213.475986	281.4623
5215.679945	281.5673
5217.893027	281.6653
5220.11533	281.7643
5222.346965	281.8635
5224.58776	281.963
5226.837474	282.0632
5229.096111	282.1636
5231.363556	282.2646
5233.639672	282.3587
5235.92098	282.46
5238.205322	282.5622
5240.495464	282.6644
5242.793358	282.7595
5245.098605	282.862
5247.411019	283.0638
5249.730856	283.1601
5252.057908	283.2633
5254.392244	283.3604
5256.733699	283.4643
5259.082193	283.5615
5261.438074	283.7582
5263.801326	283.8629
5266.171802	283.9608
5268.54973	284.0594
5270.934653	284.1649
5273.326654	284.2636
5275.725844	284.3627
5278.131791	284.462
5280.544568	284.6609
5282.964183	284.7604
5285.390418	284.8604
5287.823156	285.0664
5290.262233	285.1668
5292.707772	285.26
5295.159899	285.46
5297.618739	285.5677
5300.084392	285.768
5302.556724	285.862
5305.035624	285.9632
5307.52098	286.1639
5310.012631	286.3575
5312.510653	286.4664
5315.015216	286.6609
5317.524568	286.7632
5320.035685	286.9651
5322.545276	287.0608
5325.050105	287.2628
5327.548253	287.3583
5330.037038	287.5596
5332.515655	287.7608
5334.98524	287.8625
5337.445444	288.0627
5339.896255	288.2629
5342.337902	288.3637
5344.770218	288.5632
5347.193086	288.6631
5349.606549	288.8686
5352.010803	288.9603
5354.405856	289.1579
5356.791542	289.2628
5359.168758	289.4597
5361.539674	289.5636
5363.907469	289.7664
5366.273397	289.8623
5368.637544	290.0641
5371.001636	290.1592
5373.367289	290.3598
5375.73611	290.4616
5378.109467	290.6618
5380.487764	290.7626
5382.870924	290.962
5385.258844	291.1614
5387.651576	291.2609
5390.04906	291.4592
5392.451387	291.6642
5394.858689	291.7626
5397.270686	291.9599
5399.687615	292.0577
5402.109845	292.2616
5404.537112	292.359
5406.969144	292.463
5409.405697	292.5598
5411.846087	292.762
5414.290081	292.8573
5416.738146	292.9591
5419.190142	293.0609
5421.645865	293.2674
5424.105699	293.3607
5426.570049	293.4673
5429.038662	293.5592
5431.51101	293.6646
5433.986969	293.7625
5436.466862	293.9651
5438.950581	294.0615
5441.43807	294.1642
5443.929434	294.2592
5446.424675	294.3674
5448.924616	294.468
5451.429703	294.6596
5453.939755	294.7661
5456.454927	294.8575
5458.975448	294.9628
5461.501591	295.0672
5464.033357	295.1566
5466.570739	295.359
5469.114247	295.4614
5471.664303	295.4576
5474.220647	295.5591
5476.783212	295.6603
5479.351865	295.7606
5481.926273	295.8676
5484.506558	295.9667
5487.092722	296.0653
5489.684563	296.1639
5492.282526	296.2686
5494.886719	296.2665
5497.496368	296.3633
5500.111632	296.459
5502.732375	296.4622
5505.35858	296.5634
5507.990736	296.5648
5510.628694	296.6574
5513.272108	296.6572
5515.921183	296.7628
5518.576269	296.7617
5521.23712	296.8578
5523.903862	296.9678
5526.57678	296.9565
5529.25641	297.0581
5531.943597	297.0602
5534.638082	297.0624
5537.339092	297.1632
5540.046638	297.1586
5542.760956	297.2668
5545.482001	297.2625
5548.209964	297.2585
5550.944591	297.2619
5553.685349	297.2661
5556.432344	297.3629
5559.18555	297.3618
5561.944942	297.3611
5564.710598	297.3613
5567.482221	297.3622
5570.257944	297.364
5573.033149	297.3665
5575.802101	297.3629
5578.560303	297.3598
5581.302834	297.3648
5584.026887	297.3632
5586.730746	297.362
5589.41205	297.3607
5592.070208	297.3596
5594.704542	297.3585
5597.312321	297.3644
5599.892599	297.3632
5602.447299	297.3621
5604.977085	297.3618
5607.481469	297.3683
5609.960247	297.46
5612.414498	297.46
5614.845958	297.4667
5617.254165	297.4668
5619.636008	297.4595
5621.99072	297.4662
5624.319513	297.4654
5626.622972	297.5642
5628.901726	297.5634
5631.155758	297.5628
5633.384522	297.5687
5635.587976	297.5606
5637.765667	297.5664
5639.91795	297.5653
5642.046433	297.5646
5644.154052	297.6629
5646.241497	297.6621
5648.306147	297.6613
5650.347293	297.6603
5652.367233	297.6661
5654.367412	297.6647
5656.348349	297.6567
5658.311287	297.663
5660.256868	297.669
5662.185564	297.661
5664.097725	297.6602
5665.993962	297.6664
5667.875061	297.6588
5669.740771	297.6585
5671.59069	297.658
5673.42474	297.6647
5675.242504	297.6572
5677.044134	297.6643
5678.829872	297.6572
5680.599913	297.6575
5682.354833	297.6647
5684.095214	297.6649
5685.821688	297.6584
5687.534221	297.6591
5689.232522	297.6668
5690.917089	297.6604
5692.588951	297.668
5694.248881	297.6616
5695.896983	297.5634
5697.533265	297.5644
5699.157934	297.5579
5700.771506	297.5662
5702.374838	297.5599
5703.970149	297.5611
5705.561642	297.4627
5707.155458	297.4572
5708.755549	297.4587
5710.363717	297.4608
5711.981285	297.4633
5713.608056	297.3596
5715.243908	297.3631
5716.889191	297.3669
5718.544276	297.3637
5720.208265	297.3685
5721.880762	297.3589
5723.562851	297.364
5725.254124	297.2631
5726.953127	297.2687
5728.659828	297.2602
5730.374617	297.2593
5732.097382	297.2581
5733.827547	297.2571
5735.564894	297.2562
5737.309085	297.2626
5739.059628	297.2682
5740.816576	297.2603
5742.579958	297.2592
5744.350038	297.2579
5746.127262	297.2633
5747.912271	297.2622
5749.706173	297.2603
5751.510013	297.2654
5753.3239	297.2638
5755.147888	297.2618
5756.982007	297.2595
5758.825842	297.2642
5760.67928	297.2612
5762.542511	297.2653
5764.415894	297.2622
5766.299256	297.2589
5768.192522	297.2621
5770.09571	297.2653
5772.008842	297.2684
5773.932136	297.2638
5775.864752	297.2595
5777.806295	297.2684
5779.758007	297.2632
5781.719655	297.2644
5783.690274	297.2653
5785.669876	297.2656
5787.658917	297.3644
5789.65753	297.3639
5791.665804	297.3631
5793.684055	297.3615
5795.711807	297.3598
5797.749085	297.3646
5799.796179	297.3683
5801.853421	297.3647
5803.921128	297.3677
5805.999258	297.4621
5808.087959	297.4642
5810.187302	297.4584
5812.297338	297.4668
5814.418119	297.56
5816.549325	297.5615
5818.6906	297.6686
5820.841952	297.663
5823.003562	297.6648
5825.175605	297.7659
5827.357902	297.761
5829.550092	297.7635
5831.752006	297.8654
5833.963659	297.8614
5836.185078	297.9636
5838.416131	297.9671
5840.656674	298.0562
5842.906729	298.1667
5845.166482	298.1572
5847.435753	298.2613
5849.709002	298.2598
5851.985758	298.357
5854.270447	298.363
5856.56335	298.4612
5858.864282	298.4603
5861.173247	298.4599
5863.491028	298.5656
5865.817051	298.5653
5868.150526	298.5588
5870.491603	298.6581
5872.840797	298.6589
5875.198094	298.7657
5877.56331	298.7596
5879.936281	298.8667
5882.317201	298.8611
5884.706267	298.9617
5887.103331	298.963
5889.508221	298.9649
5891.92077	299.0588
5894.341049	299.0612
5896.769113	299.1627
5899.204806	299.1654
5901.648319	299.2671
5904.099648	299.2634
5906.558595	299.3659
5909.02514	299.4615
5911.499264	299.4654
5913.980938	299.5687
5916.470138	299.5662
5918.966884	299.6628
5921.471576	299.6608
5923.98399	299.666
5926.503703	299.7635
5929.031014	299.7621
5931.565818	299.8671
5934.108035	299.866
5936.657813	299.9641
5939.215163	299.963
5941.780113	299.9622
5944.352522	300.0606
5946.932287	300.0598
5949.519272	300.1657
5952.113311	300.1581
5954.714609	300.264
5957.323045	300.2638
5959.938304	300.3629
5962.560339	300.363
5965.189226	300.4623
5967.824892	300.5617
5970.467344	300.6613
5973.116663	300.662
5975.772765	300.7619
5978.435503	300.8621
5981.104628	300.9621
5983.7801	300.9636
5986.461831	301.1628
5989.149808	301.2635
5991.843785	301.3638
5994.543488	301.4651
5997.249092	301.6584
5999.960496	301.7598
6002.677681	301.9675
6005.400517	302.0622
6008.128666	302.2633
6010.862124	302.4641
6013.600924	302.6581
6016.344803	302.8592
6019.093489	303.0606
6021.846932	303.3615
6024.604978	303.5629
6027.367256	303.8635
6030.133853	304.0654
6032.905048	304.3661
6035.680611	304.6598
6038.460254	304.9607
6041.243768	305.2686
6044.031063	305.6615
6046.822106	305.9624
6049.617121	306.2632
6052.415806	306.6633
6055.217963	306.964
6058.023939	307.265
6060.83361	307.6655
6063.643858	307.9596
6066.453443	308.3667
6069.264981	308.6608
6072.079347	309.061
6074.896702	309.3623
6077.717042	309.6567
6080.540201	309.9652
6083.366212	310.3657
6086.19494	310.667
6089.02642	310.9688
6091.860999	311.2632
6094.698626	311.5651
6097.539635	311.86
6100.384093	312.1622
6103.231574	312.4644
6106.082063	312.7596
6108.935617	313.0617
6111.792478	313.3644
6114.652598	313.6599
6117.515426	313.9626
6120.381734	314.1667
6123.252078	314.4625
6126.12585	314.6596
6129.003188	314.8631
6131.883915	315.1595
6134.768081	315.3633
6137.656124	315.5674
6140.547926	315.7643
6143.443494	316.0608
6146.343001	316.2651
6149.24622	316.4626
6152.15291	316.6668
6155.063249	316.7581
6157.977613	316.9628
6160.896194	317.1603
6163.818995	317.3653
6166.745808	317.4639
6169.676599	317.6617
6172.611394	317.7607
6175.550093	317.9659
6178.493113	318.0648
6181.440667	318.2629
6184.392377	318.3621
6187.348231	318.4613
6190.308251	318.5682
6193.272415	318.7669
6196.241008	318.8595
6199.213965	318.9664
6202.191269	319.0595
6205.173087	319.1665
6208.159269	319.2668
6211.149714	319.3669
6214.144435	319.4672
6217.143228	319.5606
6220.146231	319.6609
6223.153451	319.7616
6226.164769	319.8622
6229.180595	319.9629
6232.20081	320.0568
6235.225069	320.158
6238.25333	320.2589
6241.285575	320.4594
6244.321967	320.5678
6247.362485	320.662
6250.406942	320.7641
6253.455725	320.8658
6256.508869	320.9676
6259.566009	321.0627
6262.6271	321.1578
6265.692232	321.2599
6268.761363	321.3628
6271.834535	321.4651
6274.911819	321.5608
6277.993122	321.6564
6281.078355	321.7593
6284.167501	321.8619
6287.260604	321.9654
6290.357521	322.0616
6293.458488	322.1579
6296.563475	322.2613
6299.672337	322.3645
6302.7853	322.4611
6305.902251	322.5576
6309.023046	322.5622
6312.147709	322.6657
6315.276424	322.7623
6318.409172	322.8661
6321.545747	322.9627
6324.686312	323.0665
6327.830837	323.0642
6330.979293	323.1684
6334.131868	323.2653
6337.288233	323.2632
6340.448479	323.3604
6343.612888	323.4644
6346.781157	323.4624
6349.953121	323.5596
6353.128737	323.6643
6356.307841	323.7688
6359.490603	323.7673
6362.677054	323.8649
6365.867053	323.9624
6369.060769	324.0602
6372.258103	324.1653
6375.458862	324.2631
6378.663335	324.3612
6381.871672	324.3601
6385.083653	324.4585
6388.299258	324.5574
6391.518531	324.5638
6394.741376	324.6627
6397.967881	324.7616
6401.19811	324.7691
6404.431962	324.8611
6407.669425	324.9608
6410.91051	324.9613
6412.53198	325.0613
