325.060303
0.000000 0.015400 0.000000
6.494511 0.016514 0.000000
13.003615 -0.000795 0.000000
19.527040 0.030678 0.000000
26.064819 0.000168 0.000000
32.617413 0.015562 0.000000
39.185299 -0.000686 0.000000
45.767086 -0.000860 0.000000
52.364029 0.016519 0.000000
58.974594 0.000452 0.000000
65.598091 0.014433 0.000000
72.235527 -0.000133 0.000000
78.887283 0.015196 0.000000
85.553307 -0.000375 0.000000
92.233444 0.000046 0.000000
98.927040 0.015436 0.000000
105.633896 -0.000718 0.000000
112.354095 0.001024 0.000000
119.086632 0.013980 0.000000
125.832306 0.000000 0.000000
132.591888 -0.014263 0.000000
139.364258 0.000148 0.000000
146.149307 -0.000265 0.000000
152.946716 -0.000605 0.000000
159.756607 -0.000658 0.000000
166.577698 0.000998 0.000000
173.399933 0.000496 0.000000
180.231415 -0.000468 0.000000
187.073669 -0.014326 0.000000
193.927200 -0.000396 0.000000
200.792313 -0.014616 0.000000
207.668503 -0.000319 0.000000
214.556366 -0.014033 0.000000
221.455048 0.000420 0.000000
228.364349 -0.029528 0.000000
235.285645 -0.000229 0.000000
242.217819 -0.013971 0.000000
249.160370 -0.013421 0.000000
256.114197 -0.000399 0.000000
263.079132 -0.014741 0.000000
270.054382 -0.000188 0.000000
277.039886 -0.014610 0.000000
284.035706 -0.014214 0.000000
291.041962 -0.000231 0.000000
298.057770 -0.000200 0.000000
305.084412 -0.013218 0.000000
312.119965 -0.001022 0.000000
319.164307 0.000013 0.000000
326.218536 0.000907 0.000000
333.281097 -0.000013 0.000000
340.352203 -0.000013 0.000000
347.433289 0.013950 0.000000
354.521606 -0.000056 0.000000
361.619385 0.000073 0.000000
368.726105 0.000000 0.000000
375.840363 0.000111 0.000000
382.963959 0.000068 0.000000
390.096039 0.000085 0.000000
397.236359 0.000013 0.000000
404.385223 -0.000866 0.000000
411.542847 0.001018 0.000000
418.708099 -0.000834 0.000000
425.881958 0.000404 0.000000
433.064697 0.000166 0.000000
440.255280 -0.000500 0.000000
447.453217 -0.000500 0.000000
454.658295 0.000708 0.000000
461.860413 0.014148 0.000000
469.000427 -0.000056 0.000000
476.026611 -0.000089 0.000000
482.910400 0.000907 0.000000
489.642883 -0.000655 0.000000
496.216125 -0.000595 0.000000
502.632751 -0.000254 0.000000
508.889557 -0.015923 0.000000
514.988586 0.000488 0.000000
520.933472 -0.000532 0.000000
526.723572 0.000103 0.000000
532.361084 -0.017817 0.000000
537.849487 -0.000245 0.000000
543.198669 -0.018491 0.000000
548.417969 -0.001493 0.000000
553.506287 -0.018942 0.000000
558.469055 0.000145 0.000000
563.320435 -0.021635 0.000000
568.069031 -0.021404 0.000000
572.731995 -0.022513 0.000000
577.321411 -0.020664 0.000000
581.841309 -0.001124 0.000000
586.295288 -0.044914 0.000000
590.684875 -0.023566 0.000000
595.009705 -0.000208 0.000000
599.271912 -0.023480 0.000000
603.475952 -0.023407 0.000000
607.625305 -0.000782 0.000000
611.725464 -0.023619 0.000000
615.778198 -0.001120 0.000000
619.784241 -0.024854 0.000000
623.744995 0.000537 0.000000
627.667175 -0.002297 0.000000
631.587036 0.000936 0.000000
635.534058 -0.025624 0.000000
639.511536 0.001074 0.000000
643.519409 -0.000121 0.000000
647.556763 0.000270 0.000000
651.622437 -0.024435 0.000000
655.716064 0.000459 0.000000
659.839478 0.000000 0.000000
663.991699 0.000365 0.000000
668.171570 -0.001022 0.000000
672.380615 0.000230 0.000000
676.618103 -0.000114 0.000000
680.883606 0.023459 0.000000
685.177368 -0.000671 0.000000
689.500061 -0.000280 0.000000
693.853088 0.024554 0.000000
698.236328 -0.000249 0.000000
702.650024 -0.002067 0.000000
707.093689 0.022671 0.000000
711.566284 0.001248 0.000000
716.067322 -0.001388 0.000000
720.596252 0.000877 0.000000
725.153137 0.021679 0.000000
729.738708 0.000628 0.000000
734.353577 -0.000151 0.000000
738.998047 0.000405 0.000000
743.674438 -0.001147 0.000000
748.384338 0.001287 0.000000
753.127625 -0.000275 0.000000
757.902893 -0.000146 0.000000
762.711304 -0.000347 0.000000
767.552612 -0.021160 0.000000
772.426575 0.000777 0.000000
777.333496 -0.019355 0.000000
782.273987 -0.000442 0.000000
787.248047 -0.021091 0.000000
792.255310 -0.020158 0.000000
797.295898 -0.019198 0.000000
802.370544 -0.019126 0.000000
807.478577 -0.038395 0.000000
812.619690 -0.020509 0.000000
817.794250 -0.036812 0.000000
823.002014 -0.038869 0.000000
828.242371 -0.056737 0.000000
833.515991 -0.039133 0.000000
838.823914 -0.056240 0.000000
844.165771 -0.036569 0.000000
849.541687 -0.093494 0.000000
854.951355 -0.054231 0.000000
860.394409 -0.037321 0.000000
865.870605 -0.091085 0.000000
871.379517 -0.053613 0.000000
876.921082 -0.034371 0.000000
882.494690 -0.073557 0.000000
888.100281 -0.087480 0.000000
893.737366 -0.036587 0.000000
899.392700 -0.106249 0.000000
905.072571 -0.016626 0.000000
910.779785 -0.105928 0.000000
916.513489 -0.052021 0.000000
922.274170 -0.015554 0.000000
928.060791 -0.051965 0.000000
933.873596 -0.069032 0.000000
939.712097 -0.069278 0.000000
945.576294 -0.032750 0.000000
951.465698 -0.085351 0.000000
957.380371 -0.016094 0.000000
963.319763 -0.084449 0.000000
969.284241 -0.050430 0.000000
975.270020 -0.016483 0.000000
981.228455 -0.051592 0.000000
987.087341 -0.051875 0.000000
992.810059 -0.036117 0.000000
998.383362 -0.074169 0.000000
1003.792847 -0.037327 0.000000
1009.040894 -0.039269 0.000000
1014.131409 -0.041071 0.000000
1019.067200 -0.020861 0.000000
1023.856018 -0.065162 0.000000
1028.506592 -0.021525 0.000000
1033.014404 -0.045616 0.000000
1037.386108 -0.024654 0.000000
1041.637695 -0.071779 0.000000
1045.779907 -0.024946 0.000000
1049.821533 -0.051146 0.000000
1053.768433 -0.051880 0.000000
1057.628906 -0.026461 0.000000
1061.405640 -0.027127 0.000000
1065.099854 -0.055181 0.000000
1068.715454 -0.056306 0.000000
1072.254639 -0.000238 0.000000
1075.721313 -0.060712 0.000000
1079.121948 -0.028079 0.000000
1082.459473 -0.030999 0.000000
1085.737793 -0.000312 0.000000
1088.963745 -0.031822 0.000000
1092.141968 0.001724 0.000000
1095.276001 -0.032623 0.000000
1098.388428 -0.000827 0.000000
1101.523560 0.001012 0.000000
1104.689331 0.000563 0.000000
1107.887451 -0.000803 0.000000
1111.119141 0.001187 0.000000
1114.384277 -0.032354 0.000000
1117.682983 -0.000330 0.000000
1121.014771 0.000889 0.000000
1124.379028 0.000503 0.000000
1127.777344 -0.000382 0.000000
1131.213013 0.001669 0.000000
1134.687256 -0.002241 0.000000
1138.201050 0.000841 0.000000
1141.757813 -0.026500 0.000000
1145.358643 -0.000879 0.000000
1149.002563 -0.001656 0.000000
1152.689331 0.002095 0.000000
1156.418091 -0.000850 0.000000
1160.187012 -0.000240 0.000000
1163.996826 -0.000079 0.000000
1167.845215 0.000236 0.000000
1171.731445 -0.001019 0.000000
1175.654541 0.000501 0.000000
1179.613770 0.000504 0.000000
1183.607422 0.001114 0.000000
1187.635986 -0.000143 0.000000
1191.702637 0.000386 0.000000
1195.810303 -0.000846 0.000000
1199.960693 0.000597 0.000000
1204.154297 0.021375 0.000000
1208.389648 0.001077 0.000000
1212.666626 -0.000629 0.000000
1216.984009 -0.021306 0.000000
1221.344727 -0.000658 0.000000
1225.747559 0.023446 0.000000
1230.192017 -0.000156 0.000000
1234.678101 -0.000331 0.000000
1239.202393 -0.000482 0.000000
1243.764526 0.000956 0.000000
1248.359619 -0.001018 0.000000
1252.976074 0.021087 0.000000
1257.625244 0.000404 0.000000
1262.307739 0.021868 0.000000
1267.022705 0.019866 0.000000
1271.770020 0.000358 0.000000
1276.549561 0.020678 0.000000
1281.361450 0.000044 0.000000
1286.205078 -0.000100 0.000000
1291.080811 0.020095 0.000000
1295.988281 0.021119 0.000000
1300.926636 0.019642 0.000000
1305.895874 -0.000397 0.000000
1310.895630 0.020599 0.000000
1315.926147 0.019088 0.000000
1320.986816 0.001121 0.000000
1326.077515 0.037669 0.000000
1331.197632 0.019927 0.000000
1336.347046 -0.000460 0.000000
1341.525391 0.019531 0.000000
1346.732422 0.019390 0.000000
1351.967896 0.019135 0.000000
1357.231689 0.018934 0.000000
1362.523682 0.019491 0.000000
1367.843018 0.017255 0.000000
1373.190186 -0.000114 0.000000
1378.565063 0.019588 0.000000
1383.967163 0.016847 0.000000
1389.396606 0.001180 0.000000
1394.853027 0.019173 0.000000
1400.335571 0.017750 0.000000
1405.844727 -0.000287 0.000000
1411.380005 0.017520 0.000000
1416.940674 0.017382 0.000000
1422.526123 0.000392 0.000000
1428.136230 0.018520 0.000000
1433.764282 0.017092 0.000000
1439.405029 0.017554 0.000000
1445.067993 0.000472 0.000000
1450.752686 -0.000439 0.000000
1456.458984 0.001471 0.000000
1462.186523 -0.000297 0.000000
1467.936157 -0.000761 0.000000
1473.707642 0.001017 0.000000
1479.500732 -0.000861 0.000000
1485.315308 -0.000120 0.000000
1491.151855 -0.017105 0.000000
1497.009888 0.000576 0.000000
1502.889404 -0.000729 0.000000
1508.790894 -0.016715 0.000000
1514.714111 0.000021 0.000000
1520.658325 -0.017134 0.000000
1526.624023 -0.000520 0.000000
1532.610229 0.001402 0.000000
1538.617188 -0.017277 0.000000
1544.644531 0.000747 0.000000
1550.692383 -0.001086 0.000000
1556.760986 -0.015753 0.000000
1562.850098 0.000639 0.000000
1568.959351 -0.016642 0.000000
1575.088257 -0.000491 0.000000
1581.237183 -0.000470 0.000000
1587.405762 -0.016435 0.000000
1593.593506 0.000919 0.000000
1599.801025 -0.016302 0.000000
1606.027954 0.000816 0.000000
1612.274170 -0.001457 0.000000
1618.538940 -0.014984 0.000000
1624.822632 -0.000102 0.000000
1631.124512 -0.015901 0.000000
1637.445190 -0.000014 0.000000
1643.783936 -0.015561 0.000000
1650.140747 0.000077 0.000000
1656.515625 -0.015408 0.000000
1662.907593 0.000186 0.000000
1669.316528 -0.016344 0.000000
1675.742065 0.000265 0.000000
1682.183228 -0.016228 0.000000
1688.641724 0.000075 0.000000
1695.116943 0.000400 0.000000
1701.608643 -0.016146 0.000000
1708.116699 0.001408 0.000000
1714.641602 -0.015626 0.000000
1721.182739 -0.000870 0.000000
1727.739990 -0.014299 0.000000
1734.313965 -0.000759 0.000000
1740.904053 -0.015108 0.000000
1747.510010 -0.014168 0.000000
1754.131714 0.000409 0.000000
1760.768555 -0.001188 0.000000
1767.420898 -0.015647 0.000000
1774.088013 0.000434 0.000000
1780.769775 0.000825 0.000000
1787.466064 -0.015068 0.000000
1794.176636 -0.014835 0.000000
1800.901855 0.000335 0.000000
1807.640991 -0.015149 0.000000
1814.394043 -0.000122 0.000000
1821.161255 -0.015263 0.000000
1827.942017 0.000867 0.000000
1834.736328 -0.015314 0.000000
1841.540039 0.000484 0.000000
1848.346436 0.000000 0.000000
1855.164063 -0.015566 0.000000
1861.993164 0.000027 0.000000
1868.833252 -0.000013 0.000000
1875.683960 -0.013890 0.000000
1882.545776 -0.000058 0.000000
1889.418823 -0.014509 0.000000
1896.303467 -0.000146 0.000000
1903.199097 -0.013889 0.000000
1910.105591 -0.015176 0.000000
1917.023682 0.000343 0.000000
1923.953491 -0.014322 0.000000
1930.893921 -0.014788 0.000000
1937.845093 -0.013860 0.000000
1944.807739 0.000114 0.000000
1951.781250 -0.014879 0.000000
1958.765747 -0.014180 0.000000
1965.760864 -0.014150 0.000000
1972.766602 -0.014507 0.000000
1979.782837 0.000808 0.000000
1986.809814 -0.014581 0.000000
1993.847046 -0.014815 0.000000
2000.894653 -0.013531 0.000000
2007.952271 -0.014629 0.000000
2015.020630 -0.014086 0.000000
2022.099243 -0.013755 0.000000
2029.188477 -0.028600 0.000000
2036.288452 -0.013881 0.000000
2043.399048 -0.014003 0.000000
2050.519531 -0.028010 0.000000
2057.651123 -0.014058 0.000000
2064.793701 -0.041296 0.000000
2071.947510 -0.015092 0.000000
2079.112305 -0.027419 0.000000
2086.288574 -0.041919 0.000000
2093.475342 -0.028171 0.000000
2100.672607 -0.028050 0.000000
2107.854980 -0.027519 0.000000
2114.949707 -0.042321 0.000000
2121.917480 -0.045084 0.000000
2128.731689 -0.044793 0.000000
2135.377441 -0.062222 0.000000
2141.857422 -0.031574 0.000000
2148.175781 -0.032288 0.000000
2154.341309 -0.050332 0.000000
2160.352051 -0.051309 0.000000
2166.208008 -0.052296 0.000000
2171.911621 -0.071393 0.000000
2177.467773 -0.036832 0.000000
2182.881592 -0.057943 0.000000
2188.141113 -0.078378 0.000000
2193.244385 -0.019495 0.000000
2198.205811 -0.084788 0.000000
2203.024170 -0.020366 0.000000
2207.697021 -0.066895 0.000000
2212.232910 -0.022923 0.000000
2216.626953 -0.070121 0.000000
2220.883789 -0.023923 0.000000
2225.013916 -0.075247 0.000000
2229.021973 -0.025022 0.000000
2232.914551 -0.053068 0.000000
2236.694580 -0.028274 0.000000
2240.366455 -0.026754 0.000000
2243.933105 -0.029581 0.000000
2247.399414 -0.030681 0.000000
2250.777344 -0.027989 0.000000
2254.068848 -0.002517 0.000000
2257.281982 -0.030023 0.000000
2260.423828 -0.001301 0.000000
2263.497070 -0.032349 0.000000
2266.506592 0.001325 0.000000
2269.455566 -0.002830 0.000000
2272.345459 0.001056 0.000000
2275.178711 -0.033949 0.000000
2277.945801 -0.036569 0.000000
2280.650879 -0.001788 0.000000
2283.295898 -0.038533 0.000000
2285.883789 -0.000796 0.000000
2288.415527 -0.001790 0.000000
2290.887695 -0.038611 0.000000
2293.302734 0.000000 0.000000
2295.663086 -0.000727 0.000000
2297.971191 0.002116 0.000000
2300.235107 -0.045440 0.000000
2302.472412 -0.000839 0.000000
2304.728516 -0.000665 0.000000
2307.022949 0.002104 0.000000
2309.358643 -0.000960 0.000000
2311.742188 -0.000952 0.000000
2314.177246 -0.001113 0.000000
2316.672363 0.001134 0.000000
2319.228516 0.001291 0.000000
2321.852051 -0.000749 0.000000
2324.540527 0.001132 0.000000
2327.290771 -0.002234 0.000000
2330.104736 -0.001623 0.000000
2332.981445 0.001755 0.000000
2335.919434 -0.000031 0.000000
2338.919434 0.001565 0.000000
2341.980469 0.032441 0.000000
2345.103760 -0.001562 0.000000
2348.287842 0.001571 0.000000
2351.531738 0.029982 0.000000
2354.834717 -0.000981 0.000000
2358.194824 0.028588 0.000000
2361.612793 0.030546 0.000000
2365.086670 -0.001501 0.000000
2368.603760 0.028925 0.000000
2372.151855 0.054456 0.000000
2375.747070 0.027537 0.000000
2379.387451 0.027498 0.000000
2383.071777 0.053691 0.000000
2386.800049 0.052720 0.000000
2390.570801 0.053729 0.000000
2394.384521 0.050918 0.000000
2398.239258 0.025084 0.000000
2402.134521 0.076041 0.000000
2406.070313 0.052820 0.000000
2410.046143 0.049571 0.000000
2414.061523 0.073384 0.000000
2418.115967 0.072304 0.000000
2422.208740 0.121859 0.000000
2426.338623 0.049648 0.000000
2430.505859 0.117173 0.000000
2434.708008 0.048456 0.000000
2438.944824 0.094509 0.000000
2443.216309 0.165148 0.000000
2447.521240 0.090695 0.000000
2451.859619 0.093094 0.000000
2456.231445 0.068493 0.000000
2460.635986 0.089617 0.000000
2465.072021 0.088657 0.000000
2469.540283 0.158514 0.000000
2474.039307 0.064604 0.000000
2478.568604 0.089333 0.000000
2483.127930 0.154810 0.000000
2487.710205 0.086204 0.000000
2492.264893 0.089808 0.000000
2496.734131 0.092652 0.000000
2501.099609 0.094256 0.000000
2505.345459 0.095837 0.000000
2509.481445 0.074324 0.000000
2513.509033 0.053526 0.000000
2517.438232 0.049832 0.000000
2521.288574 0.027566 0.000000
2525.044678 0.082820 0.000000
2528.710205 0.026778 0.000000
2532.296387 0.029047 0.000000
2535.805420 0.059418 0.000000
2539.242920 0.026991 0.000000
2542.610840 0.030716 0.000000
2545.910400 0.000896 0.000000
2549.145508 0.031169 0.000000
2552.322754 0.000029 0.000000
2555.446045 0.000686 0.000000
2558.517090 0.000061 0.000000
2561.535889 -0.000432 0.000000
2564.502930 0.000618 0.000000
2567.416992 -0.000459 0.000000
2570.278564 0.000282 0.000000
2573.089355 -0.036603 0.000000
2575.852783 0.001807 0.000000
2578.572021 -0.000340 0.000000
2581.267822 -0.002241 0.000000
2583.978027 -0.037335 0.000000
2586.716797 0.000717 0.000000
2589.485107 -0.037071 0.000000
2592.286133 0.002746 0.000000
2595.119629 -0.034305 0.000000
2597.988770 -0.003338 0.000000
2600.895752 -0.033205 0.000000
2603.845215 -0.032507 0.000000
2606.841064 -0.000371 0.000000
2609.884033 -0.030455 0.000000
2612.975342 -0.034084 0.000000
2616.115723 0.001569 0.000000
2619.305908 -0.030192 0.000000
2622.543457 -0.032708 0.000000
2625.830811 0.002370 0.000000
2629.166260 -0.060227 0.000000
2632.549072 0.001157 0.000000
2635.979492 -0.030345 0.000000
2639.457275 -0.028871 0.000000
2642.983398 -0.027461 0.000000
2646.557129 0.001466 0.000000
2650.179932 -0.029376 0.000000
2653.851318 -0.026130 0.000000
2657.572021 0.001279 0.000000
2661.340820 -0.026164 0.000000
2665.156982 -0.002251 0.000000
2669.020508 -0.024021 0.000000
2672.930420 0.000108 0.000000
2676.887939 -0.024488 0.000000
2680.891602 -0.001108 0.000000
2684.941406 0.000954 0.000000
2689.037598 -0.024414 0.000000
2693.179688 0.000474 0.000000
2697.366943 -0.025028 0.000000
2701.598877 -0.000721 0.000000
2705.875000 -0.022641 0.000000
2710.195801 -0.022755 0.000000
2714.560547 -0.021873 0.000000
2718.968750 -0.021515 0.000000
2723.420410 -0.022839 0.000000
2727.913574 -0.022712 0.000000
2732.442627 -0.022713 0.000000
2736.995605 0.001071 0.000000
2741.583984 -0.022605 0.000000
2746.207275 -0.041737 0.000000
2750.858154 -0.000948 0.000000
2755.527832 -0.043082 0.000000
2760.215820 -0.019546 0.000000
2764.920654 -0.001762 0.000000
2769.630859 -0.042623 0.000000
2774.332764 -0.041576 0.000000
2779.022949 -0.000072 0.000000
2783.706543 -0.043777 0.000000
2788.392090 -0.021676 0.000000
2793.083984 -0.019583 0.000000
2797.782959 -0.042912 0.000000
2802.488770 -0.021844 0.000000
2807.200439 -0.041397 0.000000
2811.918213 -0.021773 0.000000
2816.643799 -0.021680 0.000000
2821.378418 -0.042385 0.000000
2826.123291 -0.019941 0.000000
2830.878906 -0.021382 0.000000
2835.635254 -0.062939 0.000000
2840.387451 -0.021459 0.000000
2845.145264 -0.019977 0.000000
2849.921387 -0.042043 0.000000
2854.724365 -0.020784 0.000000
2859.555908 -0.041781 0.000000
2864.415283 0.000169 0.000000
2869.302979 -0.061503 0.000000
2874.218018 -0.019410 0.000000
2879.160156 -0.040869 0.000000
2884.131592 -0.020099 0.000000
2889.133789 -0.039079 0.000000
2894.166992 -0.040816 0.000000
2899.231689 -0.038904 0.000000
2904.329102 -0.039091 0.000000
2909.459961 -0.037902 0.000000
2914.623535 -0.038133 0.000000
2919.818359 -0.039910 0.000000
2925.042969 -0.036118 0.000000
2930.296631 -0.018837 0.000000
2935.580322 -0.057860 0.000000
2940.895996 -0.018319 0.000000
2946.240723 -0.056097 0.000000
2951.617432 -0.054641 0.000000
2957.026367 -0.036874 0.000000
2962.466309 -0.036503 0.000000
2967.937988 -0.037584 0.000000
2973.440186 -0.017984 0.000000
2978.972656 -0.070307 0.000000
2984.535645 -0.019068 0.000000
2990.128418 -0.052831 0.000000
2995.747803 -0.018668 0.000000
3001.383545 -0.053535 0.000000
3007.044922 -0.051688 0.000000
3012.732178 -0.052779 0.000000
3018.445557 -0.052453 0.000000
3024.184570 -0.034891 0.000000
3029.949951 -0.035138 0.000000
3035.740967 -0.068338 0.000000
3041.557617 -0.051332 0.000000
3047.399658 -0.016520 0.000000
3053.267334 -0.068658 0.000000
3059.160645 -0.050587 0.000000
3065.078369 -0.051390 0.000000
3071.021973 -0.049870 0.000000
3076.990234 -0.015874 0.000000
3082.983154 -0.050368 0.000000
3089.001709 -0.082262 0.000000
3095.043701 -0.033266 0.000000
3101.075928 -0.084602 0.000000
3107.023926 -0.034411 0.000000
3112.843994 -0.069909 0.000000
3118.520752 -0.054628 0.000000
3124.041748 -0.056238 0.000000
3129.408203 -0.057850 0.000000
3134.622314 -0.059552 0.000000
3139.687256 -0.041171 0.000000
3144.609619 -0.040752 0.000000
3149.386963 -0.020228 0.000000
3154.025391 -0.068687 0.000000
3158.520752 -0.021350 0.000000
3162.868164 -0.047536 0.000000
3167.070557 -0.026050 0.000000
3171.131836 -0.025057 0.000000
3175.056885 -0.026852 0.000000
3178.852539 -0.027172 0.000000
3182.528320 0.000650 0.000000
3186.098633 -0.028895 0.000000
3189.562744 -0.029163 0.000000
3192.930176 -0.000734 0.000000
3196.214355 -0.030393 0.000000
3199.420410 -0.032058 0.000000
3202.552490 -0.001275 0.000000
3205.615723 -0.032969 0.000000
3208.614014 -0.000541 0.000000
3211.548828 -0.034448 0.000000
3214.423828 -0.037004 0.000000
3217.239014 -0.000576 0.000000
3219.995361 0.002553 0.000000
3222.697021 -0.038651 0.000000
3225.344971 0.000117 0.000000
3227.951172 -0.000994 0.000000
3230.559570 -0.038587 0.000000
3233.199219 0.001380 0.000000
3235.875732 -0.001035 0.000000
3238.589600 0.001708 0.000000
3241.340820 -0.001182 0.000000
3244.128174 0.001308 0.000000
3246.951660 0.000427 0.000000
3249.810059 -0.033409 0.000000
3252.703125 -0.003134 0.000000
3255.634277 -0.000637 0.000000
3258.602295 0.001991 0.000000
3261.606201 0.000561 0.000000
3264.654785 -0.031645 0.000000
3267.752441 -0.000892 0.000000
3270.899902 -0.001154 0.000000
3274.098877 -0.000038 0.000000
3277.340088 -0.029423 0.000000
3280.607178 -0.000599 0.000000
3283.916016 0.000000 0.000000
3287.268799 0.000620 0.000000
3290.666260 -0.000931 0.000000
3294.108154 -0.028634 0.000000
3297.594238 0.030219 0.000000
3301.127930 -0.001244 0.000000
3304.709717 -0.001404 0.000000
3308.339355 0.001386 0.000000
3312.016846 0.025606 0.000000
3315.739746 0.000421 0.000000
3319.508789 -0.001048 0.000000
3323.323730 0.026859 0.000000
3327.185547 -0.000234 0.000000
3331.092773 0.001645 0.000000
3335.045410 -0.001297 0.000000
3339.044189 0.024759 0.000000
3343.087891 -0.000343 0.000000
3347.176270 0.000628 0.000000
3351.308350 -0.000307 0.000000
3355.483643 -0.000022 0.000000
3359.700928 0.023415 0.000000
3363.959717 0.000298 0.000000
3368.258789 -0.000091 0.000000
3372.597900 0.023157 0.000000
3376.976563 -0.001085 0.000000
3381.393799 0.001123 0.000000
3385.848877 0.022090 0.000000
3390.340820 -0.000514 0.000000
3394.851807 0.001304 0.000000
3399.390869 -0.001356 0.000000
3403.958008 0.000738 0.000000
3408.549805 -0.000218 0.000000
3413.163574 -0.000560 0.000000
3417.795654 0.000670 0.000000
3422.444092 0.000105 0.000000
3427.106934 -0.000170 0.000000
3431.779053 -0.020991 0.000000
3436.458252 -0.000150 0.000000
3441.143555 -0.020626 0.000000
3445.833008 -0.001152 0.000000
3450.522217 -0.021457 0.000000
3455.206543 0.000346 0.000000
3459.880371 0.001031 0.000000
3464.528564 -0.023336 0.000000
3469.148438 0.000000 0.000000
3473.737061 0.001951 0.000000
3478.289063 0.000027 0.000000
3482.799072 -0.001953 0.000000
3487.267822 0.001991 0.000000
3491.697510 -0.001640 0.000000
3496.087891 0.000365 0.000000
3500.439453 0.000580 0.000000
3504.754395 -0.001234 0.000000
3509.032227 0.000446 0.000000
3513.273193 0.000689 0.000000
3517.479980 0.000475 0.000000
3521.654297 -0.000604 0.000000
3525.797852 0.000245 0.000000
3529.914551 0.000022 0.000000
3534.002686 -0.001527 0.000000
3538.060791 -0.000517 0.000000
3542.076904 -0.023804 0.000000
3546.048096 -0.000404 0.000000
3549.976074 -0.027099 0.000000
3553.866699 -0.024815 0.000000
3557.727783 -0.000341 0.000000
3561.572510 -0.025582 0.000000
3565.415771 -0.024090 0.000000
3569.265137 -0.026886 0.000000
3573.126465 -0.027143 0.000000
3577.006348 -0.024606 0.000000
3580.908936 -0.025668 0.000000
3584.836914 -0.024805 0.000000
3588.793213 -0.025760 0.000000
3592.780518 -0.049330 0.000000
3596.801270 -0.024389 0.000000
3600.857422 -0.024855 0.000000
3604.950684 -0.073469 0.000000
3609.080322 0.000110 0.000000
3613.247070 -0.070355 0.000000
3617.452393 -0.024148 0.000000
3621.698242 -0.070334 0.000000
3625.986084 -0.046614 0.000000
3630.314697 -0.021909 0.000000
3634.683594 -0.068462 0.000000
3639.079834 -0.067948 0.000000
3643.499756 -0.021419 0.000000
3647.945801 -0.068932 0.000000
3652.412354 -0.044288 0.000000
3656.896973 -0.088785 0.000000
3661.383301 -0.023095 0.000000
3665.862305 -0.043593 0.000000
3670.340576 -0.068082 0.000000
3674.823242 -0.044726 0.000000
3679.322754 -0.087079 0.000000
3683.849121 -0.046251 0.000000
3688.404541 -0.064720 0.000000
3692.990479 -0.087099 0.000000
3697.608154 -0.021970 0.000000
3702.256592 -0.106305 0.000000
3706.935059 -0.020975 0.000000
3711.642578 -0.062989 0.000000
3716.377930 -0.084869 0.000000
3721.141602 -0.021398 0.000000
3725.932861 -0.082413 0.000000
3730.751709 -0.020259 0.000000
3735.596924 -0.062383 0.000000
3740.468262 -0.040630 0.000000
3745.366699 -0.039469 0.000000
3750.291504 -0.041431 0.000000
3755.241943 -0.020570 0.000000
3760.217041 -0.039472 0.000000
3765.218018 -0.040319 0.000000
3770.245850 -0.020457 0.000000
3775.300781 -0.018358 0.000000
3780.383057 -0.039248 0.000000
3785.491943 -0.039010 0.000000
3790.626465 -0.018360 0.000000
3795.784912 -0.040011 0.000000
3800.966553 -0.017966 0.000000
3806.171631 -0.019763 0.000000
3811.399414 -0.000686 0.000000
3816.649414 -0.018964 0.000000
3821.921875 -0.000680 0.000000
3827.216309 0.001068 0.000000
3832.533447 -0.000371 0.000000
3837.873047 -0.018594 0.000000
3843.235596 0.000164 0.000000
3848.620361 -0.017528 0.000000
3854.026855 -0.000523 0.000000
3859.455566 -0.018892 0.000000
3864.907959 -0.000089 0.000000
3870.383789 -0.018198 0.000000
3875.884766 -0.018300 0.000000
3881.405273 -0.000485 0.000000
3886.939697 -0.017970 0.000000
3892.500244 -0.016675 0.000000
3898.084473 -0.018060 0.000000
3903.693359 -0.017738 0.000000
3909.326660 -0.016989 0.000000
3914.983643 -0.017742 0.000000
3920.665527 -0.019250 0.000000
3926.370361 -0.033371 0.000000
3932.098145 -0.000472 0.000000
3937.849121 -0.034773 0.000000
3943.623535 -0.017145 0.000000
3949.421387 -0.017177 0.000000
3955.242432 -0.016534 0.000000
3961.086426 -0.018409 0.000000
3966.953857 -0.016944 0.000000
3972.843994 -0.016205 0.000000
3978.756104 -0.016446 0.000000
3984.690918 -0.033888 0.000000
3990.648438 0.000117 0.000000
3996.629150 -0.034143 0.000000
4002.632568 -0.016482 0.000000
4008.658203 -0.032075 0.000000
4014.705811 -0.016491 0.000000
4020.776123 -0.033104 0.000000
4026.868164 -0.016928 0.000000
4032.982178 -0.033096 0.000000
4039.118164 -0.015872 0.000000
4045.275391 -0.047224 0.000000
4051.454102 -0.016505 0.000000
4057.654297 -0.015930 0.000000
4063.875244 -0.048286 0.000000
4070.116211 -0.000624 0.000000
4076.377441 -0.031717 0.000000
4082.659668 -0.048056 0.000000
4088.962891 0.000439 0.000000
4095.286133 -0.031494 0.000000
4101.629395 -0.031397 0.000000
4107.992188 -0.047637 0.000000
4114.374512 -0.016202 0.000000
4120.775391 -0.030601 0.000000
4127.194824 -0.015914 0.000000
4133.630859 -0.030633 0.000000
4140.082520 0.001001 0.000000
4146.548340 -0.001046 0.000000
4153.028320 -0.014329 0.000000
4159.520508 -0.000615 0.000000
4166.019531 -0.016045 0.000000
4172.520996 0.000770 0.000000
4179.020020 0.000263 0.000000
4185.510742 -0.015841 0.000000
4191.988281 -0.000265 0.000000
4198.446289 0.000156 0.000000
4204.883301 -0.015681 0.000000
4211.298340 0.000406 0.000000
4217.689941 -0.015249 0.000000
4224.058594 -0.000616 0.000000
4230.402832 -0.016293 0.000000
4236.711914 0.001002 0.000000
4242.982910 -0.000289 0.000000
4249.215820 0.000482 0.000000
4255.422852 -0.000433 0.000000
4261.623047 0.015973 0.000000
4267.815918 0.000271 0.000000
4274.000977 0.000064 0.000000
4280.191895 -0.016370 0.000000
4286.396484 0.000172 0.000000
4292.613770 -0.000657 0.000000
4298.842285 -0.016091 0.000000
4305.082520 0.000190 0.000000
4311.335938 -0.015035 0.000000
4317.600098 -0.000462 0.000000
4323.874512 -0.016323 0.000000
4330.160645 0.000000 0.000000
4336.456543 0.016571 0.000000
4342.762695 -0.001000 0.000000
4349.080078 0.000617 0.000000
4355.409180 -0.001020 0.000000
4361.750488 0.000687 0.000000
4368.103027 0.000110 0.000000
4374.468750 0.000129 0.000000
4380.850586 -0.000782 0.000000
4387.247070 0.000747 0.000000
4393.660156 0.000095 0.000000
4400.088379 0.016014 0.000000
4406.532227 -0.001285 0.000000
4412.992188 0.016219 0.000000
4419.467285 -0.000061 0.000000
4425.958984 0.015092 0.000000
4432.466797 -0.000187 0.000000
4438.990723 -0.000135 0.000000
4445.530273 0.001448 0.000000
4452.085938 -0.001352 0.000000
4458.656738 0.000269 0.000000
4465.243652 0.000610 0.000000
4471.845703 -0.000544 0.000000
4478.462891 0.000313 0.000000
4485.093750 -0.000602 0.000000
4491.738770 -0.015270 0.000000
4498.398438 0.001285 0.000000
4505.073730 -0.015574 0.000000
4511.764160 0.000032 0.000000
4518.469238 -0.000509 0.000000
4525.188477 -0.014551 0.000000
4531.921387 0.000308 0.000000
4538.668945 -0.000370 0.000000
4545.430176 -0.014497 0.000000
4552.205078 -0.000027 0.000000
4558.982422 -0.000225 0.000000
4565.767578 -0.000247 0.000000
4572.563477 0.000879 0.000000
4579.370117 0.014291 0.000000
4586.187012 0.000514 0.000000
4593.014648 -0.000866 0.000000
4599.852539 0.000045 0.000000
4606.699707 -0.000610 0.000000
4613.557617 0.015607 0.000000
4620.425293 0.000466 0.000000
4627.302246 0.013100 0.000000
4634.188965 0.000854 0.000000
4641.086426 0.000172 0.000000
4647.993652 0.000146 0.000000
4654.909668 -0.001084 0.000000
4661.833984 0.001430 0.000000
4668.769043 -0.000980 0.000000
4675.712402 0.000645 0.000000
4682.666016 -0.000631 0.000000
4689.629883 0.000088 0.000000
4696.604004 -0.000157 0.000000
4703.586914 0.000214 0.000000
4710.580566 -0.000384 0.000000
4717.583008 0.000531 0.000000
4724.595703 0.000778 0.000000
4731.618164 -0.001367 0.000000
4738.649414 0.014548 0.000000
4745.689941 0.000255 0.000000
4752.739746 0.000497 0.000000
4759.798340 -0.000920 0.000000
4766.865234 0.014218 0.000000
4773.940430 0.014061 0.000000
4781.024902 0.001059 0.000000
4788.117188 0.013702 0.000000
4795.218262 0.000451 0.000000
4802.327148 0.013010 0.000000
4809.444336 -0.000253 0.000000
4816.569336 0.000321 0.000000
4823.702148 -0.000081 0.000000
4830.842773 0.014687 0.000000
4837.991211 -0.000908 0.000000
4845.146484 0.013851 0.000000
4852.309570 -0.000281 0.000000
4859.479980 0.015163 0.000000
4866.657715 -0.001058 0.000000
4873.843262 0.000789 0.000000
4881.036133 -0.000208 0.000000
4888.234863 -0.000179 0.000000
4895.409180 0.000280 0.000000
4902.485352 0.014292 0.000000
4909.418945 0.014574 0.000000
4916.193359 0.000651 0.000000
4922.799316 0.000417 0.000000
4929.232422 0.031085 0.000000
4935.500977 0.000020 0.000000
4941.608398 0.000046 0.000000
4947.560059 0.017575 0.000000
4953.358398 0.000000 0.000000
4958.998535 0.018146 0.000000
4964.486816 -0.000571 0.000000
4969.829102 0.000610 0.000000
4975.032227 0.020370 0.000000
4980.099609 -0.001442 0.000000
4985.030273 0.021379 0.000000
4989.830078 0.001118 0.000000
4994.496094 0.020330 0.000000
4999.016602 0.000754 0.000000
5003.390625 -0.000209 0.000000
5007.629883 0.024309 0.000000
5011.744629 -0.000702 0.000000
5015.742188 0.027361 0.000000
5019.635742 -0.001849 0.000000
5023.431152 0.027986 0.000000
5027.134277 -0.000936 0.000000
5030.753418 0.029017 0.000000
5034.293457 0.000722 0.000000
5037.760742 0.029021 0.000000
5041.163574 0.001131 0.000000
5044.508301 0.030425 0.000000
5047.801270 -0.001534 0.000000
5051.044922 -0.000249 0.000000
5054.232910 0.032815 0.000000
5057.366211 0.000525 0.000000
5060.447754 0.032726 0.000000
5063.479492 0.030499 0.000000
5066.468262 0.034186 0.000000
5069.423340 0.036415 0.000000
5072.360352 0.033051 0.000000
5075.302246 0.034413 0.000000
5078.267090 0.066083 0.000000
5081.259766 0.033110 0.000000
5084.282227 0.033116 0.000000
5087.336426 0.066276 0.000000
5090.421875 0.031579 0.000000
5093.538574 0.029670 0.000000
5096.687988 0.097132 0.000000
5099.870605 0.030182 0.000000
5103.084961 0.031100 0.000000
5106.328125 0.030878 0.000000
5109.603516 0.059215 0.000000
5112.915527 0.001767 0.000000
5116.265137 0.057061 0.000000
5119.654785 0.029750 0.000000
5123.083984 0.056739 0.000000
5126.554199 0.057968 0.000000
5130.066406 0.028364 0.000000
5133.621094 0.028046 0.000000
5137.218262 0.054234 0.000000
5140.857422 0.055703 0.000000
5144.539551 0.024334 0.000000
5148.263672 0.054294 0.000000
5152.028809 0.026353 0.000000
5155.834961 0.079100 0.000000
5159.682129 0.050992 0.000000
5163.570801 0.050849 0.000000
5167.503418 0.025795 0.000000
5171.477051 0.048804 0.000000
5175.492188 0.050357 0.000000
5179.549316 0.048533 0.000000
5183.647949 0.048310 0.000000
5187.787598 0.022798 0.000000
5191.968750 0.025733 0.000000
5196.190430 0.046108 0.000000
5200.452637 0.023036 0.000000
5204.754883 0.068293 0.000000
5209.096191 0.023499 0.000000
5213.476074 0.045992 0.000000
5217.893066 0.022230 0.000000
5222.347168 0.044280 0.000000
5226.837402 0.066725 0.000000
5231.363770 0.042898 0.000000
5235.920898 0.022351 0.000000
5240.495605 0.042889 0.000000
5245.098633 0.065790 0.000000
5249.730957 0.042825 0.000000
5254.392090 0.042882 0.000000
5259.082031 0.062361 0.000000
5263.801270 0.042687 0.000000
5268.549805 0.063473 0.000000
5273.326660 0.041318 0.000000
5278.131836 0.041178 0.000000
5282.964355 0.083647 0.000000
5287.823242 0.039655 0.000000
5292.708008 0.040753 0.000000
5297.618652 0.081592 0.000000
5302.556641 0.020387 0.000000
5307.520996 0.101191 0.000000
5312.510742 0.038811 0.000000
5317.524414 0.079809 0.000000
5322.545410 0.059539 0.000000
5327.548340 0.081207 0.000000
5332.515625 0.061320 0.000000
5337.445313 0.040947 0.000000
5342.337891 0.061932 0.000000
5347.192871 0.063472 0.000000
5352.010742 0.060589 0.000000
5356.791504 0.085648 0.000000
5361.539551 0.042870 0.000000
5366.273438 0.063048 0.000000
5371.001465 0.062536 0.000000
5375.736328 0.063645 0.000000
5380.487793 0.105095 0.000000
5385.258789 0.020779 0.000000
5390.048828 0.104678 0.000000
5394.858887 0.061198 0.000000
5399.687500 0.062202 0.000000
5404.537109 0.041268 0.000000
5409.405762 0.060982 0.000000
5414.290039 0.041578 0.000000
5419.189941 0.042037 0.000000
5424.105469 0.059222 0.000000
5429.038574 0.041110 0.000000
5433.986816 0.060298 0.000000
5438.950684 0.020642 0.000000
5443.929199 0.040695 0.000000
5448.924805 0.079670 0.000000
5453.939941 0.018153 0.000000
5458.975586 0.059202 0.000000
5464.033203 0.039860 0.000000
5469.114258 0.019312 0.000000
5474.220703 0.059107 0.000000
5479.352051 0.040016 0.000000
5484.506348 0.038102 0.000000
5489.684570 0.020124 0.000000
5494.886719 0.036455 0.000000
5500.111816 0.019901 0.000000
5505.358398 0.017836 0.000000
5510.628906 0.019913 0.000000
5515.921387 0.017873 0.000000
5521.237305 0.020613 0.000000
5526.576660 0.016828 0.000000
5531.943359 0.019476 0.000000
5537.338867 0.019111 0.000000
5542.760742 -0.001518 0.000000
5548.209961 0.001388 0.000000
5553.685547 0.017602 0.000000
5559.185547 -0.000326 0.000000
5564.710449 0.000523 0.000000
5570.257813 -0.000198 0.000000
5575.802246 0.000344 0.000000
5581.302734 -0.000517 0.000000
5586.730957 -0.000246 0.000000
5592.070313 0.000710 0.000000
5597.312500 -0.000452 0.000000
5602.447266 0.001231 0.000000
5607.481445 0.018592 0.000000
5612.414551 0.001406 0.000000
5617.254395 -0.000129 0.000000
5621.990723 -0.000171 0.000000
5626.623047 0.021622 0.000000
5631.155762 0.001198 0.000000
5635.587891 -0.000782 0.000000
5639.917969 -0.000166 0.000000
5644.153809 0.023486 0.000000
5648.306152 -0.000443 0.000000
5652.367188 -0.000905 0.000000
5656.348145 0.003146 0.000000
5660.256836 -0.002296 0.000000
5664.097656 -0.000364 0.000000
5667.875000 -0.000082 0.000000
5671.590820 -0.000359 0.000000
5675.242676 0.001982 0.000000
5678.830078 0.000113 0.000000
5682.354980 -0.001822 0.000000
5685.821777 0.000206 0.000000
5689.232422 0.002655 0.000000
5692.588867 -0.031625 0.000000
5695.896973 -0.001685 0.000000
5699.157715 0.002571 0.000000
5702.375000 -0.001599 0.000000
5705.561523 -0.032068 0.000000
5708.755371 0.001419 0.000000
5711.981445 -0.031794 0.000000
5715.244141 0.001248 0.000000
5718.544434 -0.001445 0.000000
5721.880859 -0.028408 0.000000
5725.253906 0.001649 0.000000
5728.659668 -0.003089 0.000000
5732.097168 -0.000546 0.000000
5735.564941 0.003432 0.000000
5739.059570 -0.002557 0.000000
5742.580078 0.001161 0.000000
5746.127441 -0.000307 0.000000
5749.706055 0.000886 0.000000
5753.323730 -0.000984 0.000000
5756.981934 -0.000165 0.000000
5760.679199 0.001094 0.000000
5764.416016 -0.000849 0.000000
5768.192383 0.001655 0.000000
5772.008789 -0.002311 0.000000
5775.864746 0.002289 0.000000
5779.757813 -0.001017 0.000000
5783.690430 0.025207 0.000000
5787.658691 -0.000327 0.000000
5791.666016 -0.000392 0.000000
5795.711914 0.001659 0.000000
5799.796387 -0.000141 0.000000
5803.920898 0.023162 0.000000
5808.087891 -0.001377 0.000000
5812.297363 0.024250 0.000000
5816.549316 0.024960 0.000000
5820.841797 -0.000880 0.000000
5825.175781 0.021993 0.000000
5829.550293 0.022753 0.000000
5833.963867 0.023749 0.000000
5838.416016 0.044466 0.000000
5842.906738 0.020899 0.000000
5847.435547 0.021029 0.000000
5851.985840 0.001320 0.000000
5856.563477 0.021108 0.000000
5861.173340 0.022684 0.000000
5865.816895 0.019783 0.000000
5870.491699 0.022867 0.000000
5875.198242 0.021322 0.000000
5879.936523 -0.001171 0.000000
5884.706055 0.021616 0.000000
5889.508301 0.019927 0.000000
5894.340820 0.021431 0.000000
5899.204590 0.020021 0.000000
5904.099609 0.040234 0.000000
5909.024902 0.021641 0.000000
5913.980957 -0.000502 0.000000
5918.966797 0.019893 0.000000
5923.983887 0.019042 0.000000
5929.031250 0.020688 0.000000
5934.107910 0.018782 0.000000
5939.215332 -0.000160 0.000000
5944.352539 0.039413 0.000000
5949.519043 0.018915 0.000000
5954.714844 -0.000035 0.000000
5959.938477 0.018896 0.000000
5965.189453 0.056576 0.000000
5970.467285 0.000132 0.000000
5975.772949 0.037550 0.000000
5981.104492 0.056185 0.000000
5986.461914 0.018715 0.000000
5991.843750 0.037314 0.000000
5997.249023 0.092806 0.000000
6002.677734 0.054318 0.000000
6008.128906 0.072273 0.000000
6013.601074 0.073417 0.000000
6019.093262 0.054653 0.000000
6024.604980 0.091045 0.000000
6030.133789 0.144541 0.000000
6035.680664 0.054154 0.000000
6041.243652 0.181512 0.000000
6046.822266 0.125954 0.000000
6052.416016 0.107717 0.000000
6058.023926 0.124216 0.000000
6063.644043 0.072562 0.000000
6069.265137 0.178657 0.000000
6074.896484 0.107239 0.000000
6080.540039 0.124740 0.000000
6086.194824 0.105623 0.000000
6091.860840 0.053215 0.000000
6097.539551 0.159318 0.000000
6103.231445 0.105102 0.000000
6108.935547 0.105015 0.000000
6114.652832 0.088689 0.000000
6120.381836 0.051548 0.000000
6126.125977 0.121641 0.000000
6131.883789 0.035330 0.000000
6137.656250 0.121105 0.000000
6143.443359 0.069358 0.000000
6149.246094 0.050840 0.000000
6155.063477 0.069066 0.000000
6160.895996 0.035062 0.000000
6166.745605 0.067514 0.000000
6172.611328 0.051739 0.000000
6178.493164 0.033601 0.000000
6184.392578 0.033551 0.000000
6190.308105 0.067215 0.000000
6196.241211 0.033622 0.000000
6202.191406 0.017936 0.000000
6208.159180 0.050275 0.000000
6214.144531 0.032291 0.000000
6220.145996 0.033458 0.000000
6226.164551 0.016686 0.000000
6232.200684 0.032244 0.000000
6238.253418 0.067637 0.000000
6244.321777 0.015478 0.000000
6250.406738 0.033415 0.000000
6256.508789 0.032194 0.000000
6262.626953 0.032154 0.000000
6268.761230 0.048958 0.000000
6274.911621 0.015511 0.000000
6281.078125 0.050014 0.000000
6287.260742 0.015531 0.000000
6293.458496 0.048777 0.000000
6299.672363 0.015510 0.000000
6305.902344 0.032774 0.000000
6312.147949 0.015428 0.000000
6318.409180 0.048498 0.000000
6324.686523 0.016189 0.000000
6330.979492 0.015365 0.000000
6337.288086 0.031490 0.000000
6343.612793 -0.000313 0.000000
6349.953125 0.048255 0.000000
6356.307617 0.015084 0.000000
6362.677246 0.015281 0.000000
6369.060547 0.047024 0.000000
6375.458984 0.015135 0.000000
6381.871582 0.030704 0.000000
6388.299316 0.016341 0.000000
6394.741211 0.016487 0.000000
6401.198242 0.014219 0.000000
6407.669434 0.020608 0.000000
6412.531738 0.020608 0.000000
