1.000000 1.000000 0.000000
1.000000 1.000000 3.245349
1.000000 1.000000 6.494511
1.000000 1.000000 9.747286
1.000000 1.000000 13.003615
1.000000 1.000000 16.263639
1.000000 1.000000 19.527040
1.000000 1.000000 22.794071
1.000000 1.000000 26.064819
1.000000 1.000000 29.339123
1.000000 1.000000 32.617413
1.000000 1.000000 35.899632
1.000000 1.000000 39.185299
1.000000 1.000000 42.474358
1.000000 1.000000 45.767086
1.000000 1.000000 49.063671
1.000000 1.000000 52.364029
1.000000 1.000000 55.667721
1.000000 1.000000 58.974594
1.000000 1.000000 62.284698
1.000000 1.000000 65.598091
1.000000 1.000000 68.914978
1.000000 1.000000 72.235527
1.000000 1.000000 75.559662
1.000000 1.000000 78.887283
1.000000 1.000000 82.218506
1.000000 1.000000 85.553307
1.000000 1.000000 88.891655
1.000000 1.000000 92.233444
1.000000 1.000000 95.578613
1.000000 1.000000 98.927040
1.000000 1.000000 102.278664
1.000000 1.000000 105.633896
1.000000 1.000000 108.992500
1.000000 1.000000 112.354095
1.000000 1.000000 115.718758
1.000000 1.000000 119.086632
1.000000 1.000000 122.457764
1.000000 1.000000 125.832306
1.000000 1.000000 129.210358
1.000000 1.000000 132.591888
1.000000 1.000000 135.976578
1.000000 1.000000 139.364258
1.000000 1.000000 142.755157
1.000000 1.000000 146.149307
1.000000 1.000000 149.546555
1.000000 1.000000 152.946716
1.000000 1.000000 156.350006
1.000000 1.000000 159.756607
1.000000 1.000000 163.166336
1.000000 1.000000 166.577698
1.000000 1.000000 169.988480
1.000000 1.000000 173.399933
1.000000 1.000000 176.814270
1.000000 1.000000 180.231415
1.000000 1.000000 183.651215
1.000000 1.000000 187.073669
1.000000 1.000000 190.498947
1.000000 1.000000 193.927200
1.000000 1.000000 197.358414
1.000000 1.000000 200.792313
1.000000 1.000000 204.228882
1.000000 1.000000 207.668503
1.000000 1.000000 211.111053
1.000000 1.000000 214.556366
1.000000 1.000000 218.004410
1.000000 1.000000 221.455048
1.000000 1.000000 224.908295
1.000000 1.000000 228.364349
1.000000 1.000000 231.823578
1.000000 1.000000 235.285645
1.000000 1.000000 238.750381
1.000000 1.000000 242.217819
1.000000 1.000000 245.687820
1.000000 1.000000 249.160370
1.000000 1.000000 252.635788
1.000000 1.000000 256.114197
1.000000 1.000000 259.595367
1.000000 1.000000 263.079132
1.000000 1.000000 266.565399
1.000000 1.000000 270.054382
1.000000 1.000000 273.545898
1.000000 1.000000 277.039886
1.000000 1.000000 280.536499
1.000000 1.000000 284.035706
1.000000 1.000000 287.537628
1.000000 1.000000 291.041962
1.000000 1.000000 294.548553
1.000000 1.000000 298.057770
1.000000 1.000000 301.569824
1.000000 1.000000 305.084412
1.000000 1.000000 308.601166
1.000000 1.000000 312.119965
1.000000 1.000000 315.640930
1.000000 1.000000 319.164307
1.000000 1.000000 322.690308
1.000000 1.000000 326.218536
1.000000 1.000000 329.748718
1.000000 1.000000 333.281097
1.000000 1.000000 336.815460
1.000000 1.000000 340.352203
1.000000 1.000000 343.891724
1.000000 1.000000 347.433289
1.000000 1.000000 350.976471
1.000000 1.000000 354.521606
1.000000 1.000000 358.069214
1.000000 1.000000 361.619385
1.000000 1.000000 365.171783
1.000000 1.000000 368.726105
1.000000 1.000000 372.282196
1.000000 1.000000 375.840363
1.000000 1.000000 379.400970
1.000000 1.000000 382.963959
1.000000 1.000000 386.529053
1.000000 1.000000 390.096039
1.000000 1.000000 393.665100
1.000000 1.000000 397.236359
1.000000 1.000000 400.809662
1.000000 1.000000 404.385223
1.000000 1.000000 407.963074
1.000000 1.000000 411.542847
1.000000 1.000000 415.124390
1.000000 1.000000 418.708099
1.000000 1.000000 422.293976
1.000000 1.000000 425.881958
1.000000 1.000000 429.472229
1.000000 1.000000 433.064697
1.000000 1.000000 436.659058
1.000000 1.000000 440.255280
1.000000 1.000000 443.853333
1.000000 1.000000 447.453217
1.000000 1.000000 451.054871
1.000000 1.000000 454.658295
1.000000 1.000000 458.262360
1.000000 1.000000 461.860413
1.000000 1.000000 465.442322
1.000000 1.000000 469.000427
1.000000 1.000000 472.529907
1.000000 1.000000 476.026611
1.000000 1.000000 479.487335
1.000000 1.000000 482.910400
1.000000 1.000000 486.296143
1.000000 1.000000 489.642883
1.000000 1.000000 492.949036
1.000000 1.000000 496.216125
1.000000 1.000000 499.444305
1.000000 1.000000 502.632751
1.000000 1.000000 505.781128
1.000000 1.000000 508.889557
1.000000 1.000000 511.958435
1.000000 1.000000 514.988586
1.000000 1.000000 517.979980
1.000000 1.000000 520.933472
1.000000 1.000000 523.848206
1.000000 1.000000 526.723572
1.000000 1.000000 529.561218
1.000000 1.000000 532.361084
1.000000 1.000000 535.123535
1.000000 1.000000 537.849487
1.000000 1.000000 540.540588
1.000000 1.000000 543.198669
1.000000 1.000000 545.824524
1.000000 1.000000 548.417969
1.000000 1.000000 550.978516
1.000000 1.000000 553.506287
1.000000 1.000000 556.002441
1.000000 1.000000 558.469055
1.000000 1.000000 560.907898
1.000000 1.000000 563.320435
1.000000 1.000000 565.706909
1.000000 1.000000 568.069031
1.000000 1.000000 570.410217
1.000000 1.000000 572.731995
1.000000 1.000000 575.035522
1.000000 1.000000 577.321411
1.000000 1.000000 579.589783
1.000000 1.000000 581.841309
1.000000 1.000000 584.076355
1.000000 1.000000 586.295288
1.000000 1.000000 588.498169
1.000000 1.000000 590.684875
1.000000 1.000000 592.855347
1.000000 1.000000 595.009705
1.000000 1.000000 597.148193
1.000000 1.000000 599.271912
1.000000 1.000000 601.381165
1.000000 1.000000 603.475952
1.000000 1.000000 605.557129
1.000000 1.000000 607.625305
1.000000 1.000000 609.681152
1.000000 1.000000 611.725464
1.000000 1.000000 613.757813
1.000000 1.000000 615.778198
1.000000 1.000000 617.786987
1.000000 1.000000 619.784241
1.000000 1.000000 621.770142
1.000000 1.000000 623.744995
1.000000 1.000000 625.709656
1.000000 1.000000 627.667175
1.000000 1.000000 629.624451
1.000000 1.000000 631.587036
1.000000 1.000000 633.556580
1.000000 1.000000 635.534058
1.000000 1.000000 637.519043
1.000000 1.000000 639.511536
1.000000 1.000000 641.511719
1.000000 1.000000 643.519409
1.000000 1.000000 645.534424
1.000000 1.000000 647.556763
1.000000 1.000000 649.586121
1.000000 1.000000 651.622437
1.000000 1.000000 653.665649
1.000000 1.000000 655.716064
1.000000 1.000000 657.774048
1.000000 1.000000 659.839478
1.000000 1.000000 661.912170
1.000000 1.000000 663.991699
1.000000 1.000000 666.078003
1.000000 1.000000 668.171570
1.000000 1.000000 670.272461
1.000000 1.000000 672.380615
1.000000 1.000000 674.495850
1.000000 1.000000 676.618103
1.000000 1.000000 678.747437
1.000000 1.000000 680.883606
1.000000 1.000000 683.026855
1.000000 1.000000 685.177368
1.000000 1.000000 687.335022
1.000000 1.000000 689.500061
1.000000 1.000000 691.672791
1.000000 1.000000 693.853088
1.000000 1.000000 696.040955
1.000000 1.000000 698.236328
1.000000 1.000000 700.439331
1.000000 1.000000 702.650024
1.000000 1.000000 704.868164
1.000000 1.000000 707.093689
1.000000 1.000000 709.326355
1.000000 1.000000 711.566284
1.000000 1.000000 713.813354
1.000000 1.000000 716.067322
1.000000 1.000000 718.328308
1.000000 1.000000 720.596252
1.000000 1.000000 722.871155
1.000000 1.000000 725.153137
1.000000 1.000000 727.442261
1.000000 1.000000 729.738708
1.000000 1.000000 732.042603
1.000000 1.000000 734.353577
1.000000 1.000000 736.671875
1.000000 1.000000 738.998047
1.000000 1.000000 741.332092
1.000000 1.000000 743.674438
1.000000 1.000000 746.025208
1.000000 1.000000 748.384338
1.000000 1.000000 750.751892
1.000000 1.000000 753.127625
1.000000 1.000000 755.511292
1.000000 1.000000 757.902893
1.000000 1.000000 760.302856
1.000000 1.000000 762.711304
1.000000 1.000000 765.127991
1.000000 1.000000 767.552612
1.000000 1.000000 769.985413
1.000000 1.000000 772.426575
1.000000 1.000000 774.875977
1.000000 1.000000 777.333496
1.000000 1.000000 779.799438
1.000000 1.000000 782.273987
1.000000 1.000000 784.756836
1.000000 1.000000 787.248047
1.000000 1.000000 789.747559
1.000000 1.000000 792.255310
1.000000 1.000000 794.771362
1.000000 1.000000 797.295898
1.000000 1.000000 799.829041
1.000000 1.000000 802.370544
1.000000 1.000000 804.920349
1.000000 1.000000 807.478577
1.000000 1.000000 810.044922
1.000000 1.000000 812.619690
1.000000 1.000000 815.202881
1.000000 1.000000 817.794250
1.000000 1.000000 820.393982
1.000000 1.000000 823.002014
1.000000 1.000000 825.618103
1.000000 1.000000 828.242371
1.000000 1.000000 830.875000
1.000000 1.000000 833.515991
1.000000 1.000000 836.165588
1.000000 1.000000 838.823914
1.000000 1.000000 841.490540
1.000000 1.000000 844.165771
1.000000 1.000000 846.849487
1.000000 1.000000 849.541687
1.000000 1.000000 852.242310
1.000000 1.000000 854.951355
1.000000 1.000000 857.668701
1.000000 1.000000 860.394409
1.000000 1.000000 863.128479
1.000000 1.000000 865.870605
1.000000 1.000000 868.620789
1.000000 1.000000 871.379517
1.000000 1.000000 874.146484
1.000000 1.000000 876.921082
1.000000 1.000000 879.703796
1.000000 1.000000 882.494690
1.000000 1.000000 885.293457
1.000000 1.000000 888.100281
1.000000 1.000000 890.914917
1.000000 1.000000 893.737366
1.000000 1.000000 896.563354
1.000000 1.000000 899.392700
1.000000 1.000000 902.229126
1.000000 1.000000 905.072571
1.000000 1.000000 907.922852
1.000000 1.000000 910.779785
1.000000 1.000000 913.643250
1.000000 1.000000 916.513489
1.000000 1.000000 919.390503
1.000000 1.000000 922.274170
1.000000 1.000000 925.164246
1.000000 1.000000 928.060791
1.000000 1.000000 930.963989
1.000000 1.000000 933.873596
1.000000 1.000000 936.789612
1.000000 1.000000 939.712097
1.000000 1.000000 942.641113
1.000000 1.000000 945.576294
1.000000 1.000000 948.517822
1.000000 1.000000 951.465698
1.000000 1.000000 954.419861
1.000000 1.000000 957.380371
1.000000 1.000000 960.347046
1.000000 1.000000 963.319763
1.000000 1.000000 966.298828
1.000000 1.000000 969.284241
1.000000 1.000000 972.275696
1.000000 1.000000 975.270020
1.000000 1.000000 978.257874
1.000000 1.000000 981.228455
1.000000 1.000000 984.173462
1.000000 1.000000 987.087341
1.000000 1.000000 989.966797
1.000000 1.000000 992.810059
1.000000 1.000000 995.616333
1.000000 1.000000 998.383362
1.000000 1.000000 1001.108765
1.000000 1.000000 1003.792847
1.000000 1.000000 1006.436768
1.000000 1.000000 1009.040894
1.000000 1.000000 1011.605774
1.000000 1.000000 1014.131409
1.000000 1.000000 1016.618225
1.000000 1.000000 1019.067200
1.000000 1.000000 1021.479309
1.000000 1.000000 1023.856018
1.000000 1.000000 1026.198486
1.000000 1.000000 1028.506592
1.000000 1.000000 1030.778564
1.000000 1.000000 1033.014404
1.000000 1.000000 1035.216187
1.000000 1.000000 1037.386108
1.000000 1.000000 1039.526001
1.000000 1.000000 1041.637695
1.000000 1.000000 1043.721802
1.000000 1.000000 1045.779907
1.000000 1.000000 1047.812744
1.000000 1.000000 1049.821533
1.000000 1.000000 1051.806396
1.000000 1.000000 1053.768433
1.000000 1.000000 1055.709229
1.000000 1.000000 1057.628906
1.000000 1.000000 1059.527832
1.000000 1.000000 1061.405640
1.000000 1.000000 1063.262939
1.000000 1.000000 1065.099854
1.000000 1.000000 1066.917114
1.000000 1.000000 1068.715454
1.000000 1.000000 1070.494507
1.000000 1.000000 1072.254639
1.000000 1.000000 1073.996460
1.000000 1.000000 1075.721313
1.000000 1.000000 1077.429688
1.000000 1.000000 1079.121948
1.000000 1.000000 1080.798462
1.000000 1.000000 1082.459473
1.000000 1.000000 1084.105591
1.000000 1.000000 1085.737793
1.000000 1.000000 1087.356934
1.000000 1.000000 1088.963745
1.000000 1.000000 1090.558716
1.000000 1.000000 1092.141968
1.000000 1.000000 1093.713867
1.000000 1.000000 1095.276001
1.000000 1.000000 1096.831055
1.000000 1.000000 1098.388428
1.000000 1.000000 1099.952759
1.000000 1.000000 1101.523560
1.000000 1.000000 1103.102539
1.000000 1.000000 1104.689331
1.000000 1.000000 1106.284180
1.000000 1.000000 1107.887451
1.000000 1.000000 1109.499146
1.000000 1.000000 1111.119141
1.000000 1.000000 1112.747559
1.000000 1.000000 1114.384277
1.000000 1.000000 1116.029297
1.000000 1.000000 1117.682983
1.000000 1.000000 1119.344971
1.000000 1.000000 1121.014771
1.000000 1.000000 1122.692749
1.000000 1.000000 1124.379028
1.000000 1.000000 1126.073730
1.000000 1.000000 1127.777344
1.000000 1.000000 1129.490356
1.000000 1.000000 1131.213013
1.000000 1.000000 1132.945313
1.000000 1.000000 1134.687256
1.000000 1.000000 1136.439087
1.000000 1.000000 1138.201050
1.000000 1.000000 1139.973633
1.000000 1.000000 1141.757813
1.000000 1.000000 1143.552856
1.000000 1.000000 1145.358643
1.000000 1.000000 1147.175171
1.000000 1.000000 1149.002563
1.000000 1.000000 1150.840576
1.000000 1.000000 1152.689331
1.000000 1.000000 1154.548584
1.000000 1.000000 1156.418091
1.000000 1.000000 1158.297241
1.000000 1.000000 1160.187012
1.000000 1.000000 1162.087158
1.000000 1.000000 1163.996826
1.000000 1.000000 1165.916016
1.000000 1.000000 1167.845215
1.000000 1.000000 1169.783813
1.000000 1.000000 1171.731445
1.000000 1.000000 1173.688354
1.000000 1.000000 1175.654541
1.000000 1.000000 1177.629639
1.000000 1.000000 1179.613770
1.000000 1.000000 1181.606445
1.000000 1.000000 1183.607422
1.000000 1.000000 1185.617188
1.000000 1.000000 1187.635986
1.000000 1.000000 1189.664429
1.000000 1.000000 1191.702637
1.000000 1.000000 1193.751099
1.000000 1.000000 1195.810303
1.000000 1.000000 1197.880127
1.000000 1.000000 1199.960693
1.000000 1.000000 1202.052246
1.000000 1.000000 1204.154297
1.000000 1.000000 1206.266724
1.000000 1.000000 1208.389648
1.000000 1.000000 1210.522949
1.000000 1.000000 1212.666626
1.000000 1.000000 1214.820190
1.000000 1.000000 1216.984009
1.000000 1.000000 1219.159058
1.000000 1.000000 1221.344727
1.000000 1.000000 1223.541016
1.000000 1.000000 1225.747559
1.000000 1.000000 1227.964722
1.000000 1.000000 1230.192017
1.000000 1.000000 1232.429810
1.000000 1.000000 1234.678101
1.000000 1.000000 1236.935547
1.000000 1.000000 1239.202393
1.000000 1.000000 1241.478638
1.000000 1.000000 1243.764526
1.000000 1.000000 1246.059937
1.000000 1.000000 1248.359619
1.000000 1.000000 1250.663696
1.000000 1.000000 1252.976074
1.000000 1.000000 1255.296265
1.000000 1.000000 1257.625244
1.000000 1.000000 1259.962402
1.000000 1.000000 1262.307739
1.000000 1.000000 1264.661133
1.000000 1.000000 1267.022705
1.000000 1.000000 1269.392456
1.000000 1.000000 1271.770020
1.000000 1.000000 1274.155762
1.000000 1.000000 1276.549561
1.000000 1.000000 1278.951538
1.000000 1.000000 1281.361450
1.000000 1.000000 1283.779175
1.000000 1.000000 1286.205078
1.000000 1.000000 1288.639038
1.000000 1.000000 1291.080811
1.000000 1.000000 1293.530518
1.000000 1.000000 1295.988281
1.000000 1.000000 1298.453613
1.000000 1.000000 1300.926636
1.000000 1.000000 1303.407349
1.000000 1.000000 1305.895874
1.000000 1.000000 1308.391968
1.000000 1.000000 1310.895630
1.000000 1.000000 1313.407104
1.000000 1.000000 1315.926147
1.000000 1.000000 1318.452637
1.000000 1.000000 1320.986816
1.000000 1.000000 1323.528442
1.000000 1.000000 1326.077515
1.000000 1.000000 1328.633911
1.000000 1.000000 1331.197632
1.000000 1.000000 1333.768555
1.000000 1.000000 1336.347046
1.000000 1.000000 1338.932617
1.000000 1.000000 1341.525391
1.000000 1.000000 1344.125366
1.000000 1.000000 1346.732422
1.000000 1.000000 1349.346680
1.000000 1.000000 1351.967896
1.000000 1.000000 1354.596191
1.000000 1.000000 1357.231689
1.000000 1.000000 1359.874146
1.000000 1.000000 1362.523682
1.000000 1.000000 1365.179932
1.000000 1.000000 1367.843018
1.000000 1.000000 1370.513184
1.000000 1.000000 1373.190186
1.000000 1.000000 1375.874268
1.000000 1.000000 1378.565063
1.000000 1.000000 1381.262695
1.000000 1.000000 1383.967163
1.000000 1.000000 1386.678467
1.000000 1.000000 1389.396606
1.000000 1.000000 1392.121460
1.000000 1.000000 1394.853027
1.000000 1.000000 1397.590942
1.000000 1.000000 1400.335571
1.000000 1.000000 1403.086914
1.000000 1.000000 1405.844727
1.000000 1.000000 1408.609253
1.000000 1.000000 1411.380005
1.000000 1.000000 1414.157104
1.000000 1.000000 1416.940674
1.000000 1.000000 1419.730347
1.000000 1.000000 1422.526123
1.000000 1.000000 1425.328125
1.000000 1.000000 1428.136230
1.000000 1.000000 1430.949341
1.000000 1.000000 1433.764282
1.000000 1.000000 1436.581909
1.000000 1.000000 1439.405029
1.000000 1.000000 1442.233765
1.000000 1.000000 1445.067993
1.000000 1.000000 1447.907593
1.000000 1.000000 1450.752686
1.000000 1.000000 1453.603271
1.000000 1.000000 1456.458984
1.000000 1.000000 1459.320068
1.000000 1.000000 1462.186523
1.000000 1.000000 1465.058472
1.000000 1.000000 1467.936157
1.000000 1.000000 1470.819214
1.000000 1.000000 1473.707642
1.000000 1.000000 1476.601440
1.000000 1.000000 1479.500732
1.000000 1.000000 1482.405273
1.000000 1.000000 1485.315308
1.000000 1.000000 1488.230835
1.000000 1.000000 1491.151855
1.000000 1.000000 1494.078247
1.000000 1.000000 1497.009888
1.000000 1.000000 1499.947021
1.000000 1.000000 1502.889404
1.000000 1.000000 1505.837402
1.000000 1.000000 1508.790894
1.000000 1.000000 1511.749878
1.000000 1.000000 1514.714111
1.000000 1.000000 1517.683472
1.000000 1.000000 1520.658325
1.000000 1.000000 1523.638550
1.000000 1.000000 1526.624023
1.000000 1.000000 1529.614502
1.000000 1.000000 1532.610229
1.000000 1.000000 1535.611206
1.000000 1.000000 1538.617188
1.000000 1.000000 1541.628296
1.000000 1.000000 1544.644531
1.000000 1.000000 1547.665894
1.000000 1.000000 1550.692383
1.000000 1.000000 1553.724121
1.000000 1.000000 1556.760986
1.000000 1.000000 1559.802979
1.000000 1.000000 1562.850098
1.000000 1.000000 1565.902344
1.000000 1.000000 1568.959351
1.000000 1.000000 1572.021240
1.000000 1.000000 1575.088257
1.000000 1.000000 1578.160278
1.000000 1.000000 1581.237183
1.000000 1.000000 1584.318970
1.000000 1.000000 1587.405762
1.000000 1.000000 1590.497192
1.000000 1.000000 1593.593506
1.000000 1.000000 1596.694824
1.000000 1.000000 1599.801025
1.000000 1.000000 1602.911987
1.000000 1.000000 1606.027954
1.000000 1.000000 1609.148804
1.000000 1.000000 1612.274170
1.000000 1.000000 1615.404175
1.000000 1.000000 1618.538940
1.000000 1.000000 1621.678467
1.000000 1.000000 1624.822632
1.000000 1.000000 1627.971313
1.000000 1.000000 1631.124512
1.000000 1.000000 1634.282471
1.000000 1.000000 1637.445190
1.000000 1.000000 1640.612305
1.000000 1.000000 1643.783936
1.000000 1.000000 1646.960083
1.000000 1.000000 1650.140747
1.000000 1.000000 1653.325928
1.000000 1.000000 1656.515625
1.000000 1.000000 1659.709473
1.000000 1.000000 1662.907593
1.000000 1.000000 1666.109985
1.000000 1.000000 1669.316528
1.000000 1.000000 1672.527344
1.000000 1.000000 1675.742065
1.000000 1.000000 1678.960571
1.000000 1.000000 1682.183228
1.000000 1.000000 1685.410278
1.000000 1.000000 1688.641724
1.000000 1.000000 1691.877197
1.000000 1.000000 1695.116943
1.000000 1.000000 1698.360718
1.000000 1.000000 1701.608643
1.000000 1.000000 1704.860718
1.000000 1.000000 1708.116699
1.000000 1.000000 1711.376953
1.000000 1.000000 1714.641602
1.000000 1.000000 1717.910278
1.000000 1.000000 1721.182739
1.000000 1.000000 1724.459351
1.000000 1.000000 1727.739990
1.000000 1.000000 1731.024902
1.000000 1.000000 1734.313965
1.000000 1.000000 1737.607056
1.000000 1.000000 1740.904053
1.000000 1.000000 1744.205078
1.000000 1.000000 1747.510010
1.000000 1.000000 1750.818848
1.000000 1.000000 1754.131714
1.000000 1.000000 1757.448242
1.000000 1.000000 1760.768555
1.000000 1.000000 1764.092773
1.000000 1.000000 1767.420898
1.000000 1.000000 1770.752686
1.000000 1.000000 1774.088013
1.000000 1.000000 1777.427002
1.000000 1.000000 1780.769775
1.000000 1.000000 1784.116089
1.000000 1.000000 1787.466064
1.000000 1.000000 1790.819580
1.000000 1.000000 1794.176636
1.000000 1.000000 1797.537476
1.000000 1.000000 1800.901855
1.000000 1.000000 1804.269775
1.000000 1.000000 1807.640991
1.000000 1.000000 1811.015747
1.000000 1.000000 1814.394043
1.000000 1.000000 1817.776001
1.000000 1.000000 1821.161255
1.000000 1.000000 1824.549927
1.000000 1.000000 1827.942017
1.000000 1.000000 1831.337402
1.000000 1.000000 1834.736328
1.000000 1.000000 1838.138306
1.000000 1.000000 1841.540039
1.000000 1.000000 1844.941895
1.000000 1.000000 1848.346436
1.000000 1.000000 1851.753784
1.000000 1.000000 1855.164063
1.000000 1.000000 1858.577271
1.000000 1.000000 1861.993164
1.000000 1.000000 1865.411743
1.000000 1.000000 1868.833252
1.000000 1.000000 1872.257324
1.000000 1.000000 1875.683960
1.000000 1.000000 1879.113403
1.000000 1.000000 1882.545776
1.000000 1.000000 1885.980957
1.000000 1.000000 1889.418823
1.000000 1.000000 1892.859619
1.000000 1.000000 1896.303467
1.000000 1.000000 1899.750000
1.000000 1.000000 1903.199097
1.000000 1.000000 1906.650879
1.000000 1.000000 1910.105591
1.000000 1.000000 1913.563232
1.000000 1.000000 1917.023682
1.000000 1.000000 1920.487061
1.000000 1.000000 1923.953491
1.000000 1.000000 1927.422363
1.000000 1.000000 1930.893921
1.000000 1.000000 1934.368042
1.000000 1.000000 1937.845093
1.000000 1.000000 1941.325073
1.000000 1.000000 1944.807739
1.000000 1.000000 1948.293213
1.000000 1.000000 1951.781250
1.000000 1.000000 1955.272095
1.000000 1.000000 1958.765747
1.000000 1.000000 1962.262085
1.000000 1.000000 1965.760864
1.000000 1.000000 1969.262329
1.000000 1.000000 1972.766602
1.000000 1.000000 1976.273438
1.000000 1.000000 1979.782837
1.000000 1.000000 1983.294922
1.000000 1.000000 1986.809814
1.000000 1.000000 1990.327148
1.000000 1.000000 1993.847046
1.000000 1.000000 1997.369629
1.000000 1.000000 2000.894653
1.000000 1.000000 2004.422241
1.000000 1.000000 2007.952271
1.000000 1.000000 2011.485107
1.000000 1.000000 2015.020630
1.000000 1.000000 2018.558594
1.000000 1.000000 2022.099243
1.000000 1.000000 2025.642578
1.000000 1.000000 2029.188477
1.000000 1.000000 2032.737061
1.000000 1.000000 2036.288452
1.000000 1.000000 2039.842407
1.000000 1.000000 2043.399048
1.000000 1.000000 2046.958008
1.000000 1.000000 2050.519531
1.000000 1.000000 2054.083984
1.000000 1.000000 2057.651123
1.000000 1.000000 2061.221191
1.000000 1.000000 2064.793701
1.000000 1.000000 2068.369141
1.000000 1.000000 2071.947510
1.000000 1.000000 2075.528564
1.000000 1.000000 2079.112305
1.000000 1.000000 2082.698975
1.000000 1.000000 2086.288574
1.000000 1.000000 2089.880615
1.000000 1.000000 2093.475342
1.000000 1.000000 2097.072754
1.000000 1.000000 2100.672607
1.000000 1.000000 2104.270264
1.000000 1.000000 2107.854980
1.000000 1.000000 2111.416748
1.000000 1.000000 2114.949707
1.000000 1.000000 2118.450928
1.000000 1.000000 2121.917480
1.000000 1.000000 2125.345215
1.000000 1.000000 2128.731689
1.000000 1.000000 2132.075684
1.000000 1.000000 2135.377441
1.000000 1.000000 2138.638184
1.000000 1.000000 2141.857422
1.000000 1.000000 2145.036133
1.000000 1.000000 2148.175781
1.000000 1.000000 2151.277344
1.000000 1.000000 2154.341309
1.000000 1.000000 2157.366699
1.000000 1.000000 2160.352051
1.000000 1.000000 2163.298828
1.000000 1.000000 2166.208008
1.000000 1.000000 2169.078857
1.000000 1.000000 2171.911621
1.000000 1.000000 2174.707275
1.000000 1.000000 2177.467773
1.000000 1.000000 2180.192871
1.000000 1.000000 2182.881592
1.000000 1.000000 2185.531494
1.000000 1.000000 2188.141113
1.000000 1.000000 2190.711426
1.000000 1.000000 2193.244385
1.000000 1.000000 2195.741943
1.000000 1.000000 2198.205811
1.000000 1.000000 2200.633789
1.000000 1.000000 2203.024170
1.000000 1.000000 2205.377686
1.000000 1.000000 2207.697021
1.000000 1.000000 2209.982666
1.000000 1.000000 2212.232910
1.000000 1.000000 2214.447754
1.000000 1.000000 2216.626953
1.000000 1.000000 2218.771729
1.000000 1.000000 2220.883789
1.000000 1.000000 2222.964355
1.000000 1.000000 2225.013916
1.000000 1.000000 2227.032715
1.000000 1.000000 2229.021973
1.000000 1.000000 2230.982422
1.000000 1.000000 2232.914551
1.000000 1.000000 2234.818359
1.000000 1.000000 2236.694580
1.000000 1.000000 2238.543457
1.000000 1.000000 2240.366455
1.000000 1.000000 2242.163086
1.000000 1.000000 2243.933105
1.000000 1.000000 2245.677734
1.000000 1.000000 2247.399414
1.000000 1.000000 2249.099365
1.000000 1.000000 2250.777344
1.000000 1.000000 2252.433350
1.000000 1.000000 2254.068848
1.000000 1.000000 2255.684814
1.000000 1.000000 2257.281982
1.000000 1.000000 2258.861572
1.000000 1.000000 2260.423828
1.000000 1.000000 2261.968750
1.000000 1.000000 2263.497070
1.000000 1.000000 2265.009521
1.000000 1.000000 2266.506592
1.000000 1.000000 2267.988770
1.000000 1.000000 2269.455566
1.000000 1.000000 2270.907715
1.000000 1.000000 2272.345459
1.000000 1.000000 2273.770020
1.000000 1.000000 2275.178711
1.000000 1.000000 2276.569824
1.000000 1.000000 2277.945801
1.000000 1.000000 2279.306152
1.000000 1.000000 2280.650879
1.000000 1.000000 2281.980957
1.000000 1.000000 2283.295898
1.000000 1.000000 2284.596680
1.000000 1.000000 2285.883789
1.000000 1.000000 2287.156982
1.000000 1.000000 2288.415527
1.000000 1.000000 2289.658936
1.000000 1.000000 2290.887695
1.000000 1.000000 2292.102295
1.000000 1.000000 2293.302734
1.000000 1.000000 2294.489502
1.000000 1.000000 2295.663086
1.000000 1.000000 2296.823242
1.000000 1.000000 2297.971191
1.000000 1.000000 2299.108154
1.000000 1.000000 2300.235107
1.000000 1.000000 2301.354492
1.000000 1.000000 2302.472412
1.000000 1.000000 2303.596191
1.000000 1.000000 2304.728516
1.000000 1.000000 2305.870605
1.000000 1.000000 2307.022949
1.000000 1.000000 2308.185303
1.000000 1.000000 2309.358643
1.000000 1.000000 2310.543945
1.000000 1.000000 2311.742188
1.000000 1.000000 2312.952881
1.000000 1.000000 2314.177246
1.000000 1.000000 2315.416748
1.000000 1.000000 2316.672363
1.000000 1.000000 2317.943115
1.000000 1.000000 2319.228516
1.000000 1.000000 2320.531494
1.000000 1.000000 2321.852051
1.000000 1.000000 2323.188477
1.000000 1.000000 2324.540527
1.000000 1.000000 2325.907715
1.000000 1.000000 2327.290771
1.000000 1.000000 2328.689697
1.000000 1.000000 2330.104736
1.000000 1.000000 2331.535400
1.000000 1.000000 2332.981445
1.000000 1.000000 2334.442627
1.000000 1.000000 2335.919434
1.000000 1.000000 2337.411621
1.000000 1.000000 2338.919434
1.000000 1.000000 2340.442383
1.000000 1.000000 2341.980469
1.000000 1.000000 2343.534424
1.000000 1.000000 2345.103760
1.000000 1.000000 2346.688232
1.000000 1.000000 2348.287842
1.000000 1.000000 2349.902344
1.000000 1.000000 2351.531738
1.000000 1.000000 2353.176025
1.000000 1.000000 2354.834717
1.000000 1.000000 2356.507324
1.000000 1.000000 2358.194824
1.000000 1.000000 2359.896729
1.000000 1.000000 2361.612793
1.000000 1.000000 2363.343018
1.000000 1.000000 2365.086670
1.000000 1.000000 2366.842773
1.000000 1.000000 2368.603760
1.000000 1.000000 2370.371582
1.000000 1.000000 2372.151855
1.000000 1.000000 2373.943848
1.000000 1.000000 2375.747070
1.000000 1.000000 2377.561523
1.000000 1.000000 2379.387451
1.000000 1.000000 2381.224121
1.000000 1.000000 2383.071777
1.000000 1.000000 2384.930420
1.000000 1.000000 2386.800049
1.000000 1.000000 2388.680176
1.000000 1.000000 2390.570801
1.000000 1.000000 2392.472412
1.000000 1.000000 2394.384521
1.000000 1.000000 2396.306885
1.000000 1.000000 2398.239258
1.000000 1.000000 2400.181885
1.000000 1.000000 2402.134521
1.000000 1.000000 2404.097412
1.000000 1.000000 2406.070313
1.000000 1.000000 2408.053223
1.000000 1.000000 2410.046143
1.000000 1.000000 2412.048828
1.000000 1.000000 2414.061523
1.000000 1.000000 2416.083984
1.000000 1.000000 2418.115967
1.000000 1.000000 2420.157715
1.000000 1.000000 2422.208740
1.000000 1.000000 2424.269043
1.000000 1.000000 2426.338623
1.000000 1.000000 2428.417725
1.000000 1.000000 2430.505859
1.000000 1.000000 2432.602539
1.000000 1.000000 2434.708008
1.000000 1.000000 2436.822266
1.000000 1.000000 2438.944824
1.000000 1.000000 2441.076416
1.000000 1.000000 2443.216309
1.000000 1.000000 2445.364746
1.000000 1.000000 2447.521240
1.000000 1.000000 2449.686279
1.000000 1.000000 2451.859619
1.000000 1.000000 2454.041504
1.000000 1.000000 2456.231445
1.000000 1.000000 2458.429443
1.000000 1.000000 2460.635986
1.000000 1.000000 2462.849854
1.000000 1.000000 2465.072021
1.000000 1.000000 2467.302246
1.000000 1.000000 2469.540283
1.000000 1.000000 2471.786133
1.000000 1.000000 2474.039307
1.000000 1.000000 2476.300293
1.000000 1.000000 2478.568604
1.000000 1.000000 2480.844727
1.000000 1.000000 2483.127930
1.000000 1.000000 2485.417969
1.000000 1.000000 2487.710205
1.000000 1.000000 2489.995361
1.000000 1.000000 2492.264893
1.000000 1.000000 2494.511963
1.000000 1.000000 2496.734131
1.000000 1.000000 2498.931152
1.000000 1.000000 2501.099609
1.000000 1.000000 2503.237793
1.000000 1.000000 2505.345459
1.000000 1.000000 2507.426270
1.000000 1.000000 2509.481445
1.000000 1.000000 2511.509033
1.000000 1.000000 2513.509033
1.000000 1.000000 2515.484131
1.000000 1.000000 2517.438232
1.000000 1.000000 2519.373047
1.000000 1.000000 2521.288574
1.000000 1.000000 2523.179688
1.000000 1.000000 2525.044678
1.000000 1.000000 2526.887695
1.000000 1.000000 2528.710205
1.000000 1.000000 2530.512695
1.000000 1.000000 2532.296387
1.000000 1.000000 2534.060303
1.000000 1.000000 2535.805420
1.000000 1.000000 2537.532715
1.000000 1.000000 2539.242920
1.000000 1.000000 2540.935547
1.000000 1.000000 2542.610840
1.000000 1.000000 2544.269287
1.000000 1.000000 2545.910400
1.000000 1.000000 2547.535645
1.000000 1.000000 2549.145508
1.000000 1.000000 2550.741211
1.000000 1.000000 2552.322754
1.000000 1.000000 2553.891113
1.000000 1.000000 2555.446045
1.000000 1.000000 2556.988037
1.000000 1.000000 2558.517090
1.000000 1.000000 2560.032959
1.000000 1.000000 2561.535889
1.000000 1.000000 2563.025879
1.000000 1.000000 2564.502930
1.000000 1.000000 2565.966553
1.000000 1.000000 2567.416992
1.000000 1.000000 2568.854248
1.000000 1.000000 2570.278564
1.000000 1.000000 2571.690186
1.000000 1.000000 2573.089355
1.000000 1.000000 2574.477051
1.000000 1.000000 2575.852783
1.000000 1.000000 2577.217285
1.000000 1.000000 2578.572021
1.000000 1.000000 2579.920166
1.000000 1.000000 2581.267822
1.000000 1.000000 2582.620117
1.000000 1.000000 2583.978027
1.000000 1.000000 2585.343994
1.000000 1.000000 2586.716797
1.000000 1.000000 2588.096924
1.000000 1.000000 2589.485107
1.000000 1.000000 2590.881592
1.000000 1.000000 2592.286133
1.000000 1.000000 2593.698486
1.000000 1.000000 2595.119629
1.000000 1.000000 2596.549561
1.000000 1.000000 2597.988770
1.000000 1.000000 2599.437256
1.000000 1.000000 2600.895752
1.000000 1.000000 2602.364746
1.000000 1.000000 2603.845215
1.000000 1.000000 2605.337402
1.000000 1.000000 2606.841064
1.000000 1.000000 2608.356689
1.000000 1.000000 2609.884033
1.000000 1.000000 2611.423584
1.000000 1.000000 2612.975342
1.000000 1.000000 2614.539551
1.000000 1.000000 2616.115723
1.000000 1.000000 2617.704590
1.000000 1.000000 2619.305908
1.000000 1.000000 2620.918457
1.000000 1.000000 2622.543457
1.000000 1.000000 2624.181152
1.000000 1.000000 2625.830811
1.000000 1.000000 2627.492676
1.000000 1.000000 2629.166260
1.000000 1.000000 2630.851563
1.000000 1.000000 2632.549072
1.000000 1.000000 2634.258545
1.000000 1.000000 2635.979492
1.000000 1.000000 2637.712402
1.000000 1.000000 2639.457275
1.000000 1.000000 2641.214355
1.000000 1.000000 2642.983398
1.000000 1.000000 2644.764404
1.000000 1.000000 2646.557129
1.000000 1.000000 2648.362305
1.000000 1.000000 2650.179932
1.000000 1.000000 2652.009766
1.000000 1.000000 2653.851318
1.000000 1.000000 2655.705566
1.000000 1.000000 2657.572021
1.000000 1.000000 2659.450439
1.000000 1.000000 2661.340820
1.000000 1.000000 2663.242920
1.000000 1.000000 2665.156982
1.000000 1.000000 2667.083008
1.000000 1.000000 2669.020508
1.000000 1.000000 2670.969482
1.000000 1.000000 2672.930420
1.000000 1.000000 2674.903320
1.000000 1.000000 2676.887939
1.000000 1.000000 2678.883789
1.000000 1.000000 2680.891602
1.000000 1.000000 2682.910645
1.000000 1.000000 2684.941406
1.000000 1.000000 2686.983887
1.000000 1.000000 2689.037598
1.000000 1.000000 2691.102783
1.000000 1.000000 2693.179688
1.000000 1.000000 2695.267822
1.000000 1.000000 2697.366943
1.000000 1.000000 2699.477295
1.000000 1.000000 2701.598877
1.000000 1.000000 2703.731445
1.000000 1.000000 2705.875000
1.000000 1.000000 2708.029785
1.000000 1.000000 2710.195801
1.000000 1.000000 2712.372803
1.000000 1.000000 2714.560547
1.000000 1.000000 2716.759277
1.000000 1.000000 2718.968750
1.000000 1.000000 2721.189209
1.000000 1.000000 2723.420410
1.000000 1.000000 2725.661865
1.000000 1.000000 2727.913574
1.000000 1.000000 2730.175537
1.000000 1.000000 2732.442627
1.000000 1.000000 2734.714600
1.000000 1.000000 2736.995605
1.000000 1.000000 2739.285156
1.000000 1.000000 2741.583984
1.000000 1.000000 2743.891357
1.000000 1.000000 2746.207275
1.000000 1.000000 2748.530029
1.000000 1.000000 2750.858154
1.000000 1.000000 2753.190674
1.000000 1.000000 2755.527832
1.000000 1.000000 2757.869385
1.000000 1.000000 2760.215820
1.000000 1.000000 2762.566650
1.000000 1.000000 2764.920654
1.000000 1.000000 2767.276123
1.000000 1.000000 2769.630859
1.000000 1.000000 2771.983154
1.000000 1.000000 2774.332764
1.000000 1.000000 2776.679199
1.000000 1.000000 2779.022949
1.000000 1.000000 2781.364990
1.000000 1.000000 2783.706543
1.000000 1.000000 2786.048584
1.000000 1.000000 2788.392090
1.000000 1.000000 2790.737305
1.000000 1.000000 2793.083984
1.000000 1.000000 2795.432617
1.000000 1.000000 2797.782959
1.000000 1.000000 2800.135254
1.000000 1.000000 2802.488770
1.000000 1.000000 2804.843750
1.000000 1.000000 2807.200439
1.000000 1.000000 2809.558350
1.000000 1.000000 2811.918213
1.000000 1.000000 2814.280029
1.000000 1.000000 2816.643799
1.000000 1.000000 2819.010010
1.000000 1.000000 2821.378418
1.000000 1.000000 2823.749268
1.000000 1.000000 2826.123291
1.000000 1.000000 2828.500000
1.000000 1.000000 2830.878906
1.000000 1.000000 2833.257813
1.000000 1.000000 2835.635254
1.000000 1.000000 2838.011475
1.000000 1.000000 2840.387451
1.000000 1.000000 2842.764893
1.000000 1.000000 2845.145264
1.000000 1.000000 2847.530273
1.000000 1.000000 2849.921387
1.000000 1.000000 2852.319336
1.000000 1.000000 2854.724365
1.000000 1.000000 2857.136719
1.000000 1.000000 2859.555908
1.000000 1.000000 2861.982178
1.000000 1.000000 2864.415283
1.000000 1.000000 2866.855713
1.000000 1.000000 2869.302979
1.000000 1.000000 2871.757080
1.000000 1.000000 2874.218018
1.000000 1.000000 2876.685547
1.000000 1.000000 2879.160156
1.000000 1.000000 2881.642334
1.000000 1.000000 2884.131592
1.000000 1.000000 2886.628662
1.000000 1.000000 2889.133789
1.000000 1.000000 2891.646484
1.000000 1.000000 2894.166992
1.000000 1.000000 2896.695313
1.000000 1.000000 2899.231689
1.000000 1.000000 2901.776367
1.000000 1.000000 2904.329102
1.000000 1.000000 2906.890381
1.000000 1.000000 2909.459961
1.000000 1.000000 2912.037598
1.000000 1.000000 2914.623535
1.000000 1.000000 2917.217041
1.000000 1.000000 2919.818359
1.000000 1.000000 2922.427002
1.000000 1.000000 2925.042969
1.000000 1.000000 2927.666016
1.000000 1.000000 2930.296631
1.000000 1.000000 2932.934570
1.000000 1.000000 2935.580322
1.000000 1.000000 2938.234375
1.000000 1.000000 2940.895996
1.000000 1.000000 2943.564697
1.000000 1.000000 2946.240723
1.000000 1.000000 2948.924805
1.000000 1.000000 2951.617432
1.000000 1.000000 2954.318115
1.000000 1.000000 2957.026367
1.000000 1.000000 2959.742432
1.000000 1.000000 2962.466309
1.000000 1.000000 2965.198242
1.000000 1.000000 2967.937988
1.000000 1.000000 2970.685303
1.000000 1.000000 2973.440186
1.000000 1.000000 2976.202637
1.000000 1.000000 2978.972656
1.000000 1.000000 2981.750244
1.000000 1.000000 2984.535645
1.000000 1.000000 2987.328369
1.000000 1.000000 2990.128418
1.000000 1.000000 2992.936035
1.000000 1.000000 2995.747803
1.000000 1.000000 2998.562988
1.000000 1.000000 3001.383545
1.000000 1.000000 3004.210938
1.000000 1.000000 3007.044922
1.000000 1.000000 3009.885254
1.000000 1.000000 3012.732178
1.000000 1.000000 3015.585693
1.000000 1.000000 3018.445557
1.000000 1.000000 3021.311768
1.000000 1.000000 3024.184570
1.000000 1.000000 3027.063965
1.000000 1.000000 3029.949951
1.000000 1.000000 3032.842285
1.000000 1.000000 3035.740967
1.000000 1.000000 3038.645996
1.000000 1.000000 3041.557617
1.000000 1.000000 3044.475342
1.000000 1.000000 3047.399658
1.000000 1.000000 3050.330322
1.000000 1.000000 3053.267334
1.000000 1.000000 3056.210693
1.000000 1.000000 3059.160645
1.000000 1.000000 3062.116455
1.000000 1.000000 3065.078369
1.000000 1.000000 3068.046875
1.000000 1.000000 3071.021973
1.000000 1.000000 3074.002930
1.000000 1.000000 3076.990234
1.000000 1.000000 3079.983398
1.000000 1.000000 3082.983154
1.000000 1.000000 3085.989258
1.000000 1.000000 3089.001709
1.000000 1.000000 3092.020264
1.000000 1.000000 3095.043701
1.000000 1.000000 3098.065674
1.000000 1.000000 3101.075928
1.000000 1.000000 3104.064209
1.000000 1.000000 3107.023926
1.000000 1.000000 3109.951416
1.000000 1.000000 3112.843994
1.000000 1.000000 3115.701172
1.000000 1.000000 3118.520752
1.000000 1.000000 3121.300781
1.000000 1.000000 3124.041748
1.000000 1.000000 3126.743896
1.000000 1.000000 3129.408203
1.000000 1.000000 3132.034180
1.000000 1.000000 3134.622314
1.000000 1.000000 3137.172607
1.000000 1.000000 3139.687256
1.000000 1.000000 3142.166504
1.000000 1.000000 3144.609619
1.000000 1.000000 3147.016357
1.000000 1.000000 3149.386963
1.000000 1.000000 3151.722900
1.000000 1.000000 3154.025391
1.000000 1.000000 3156.291748
1.000000 1.000000 3158.520752
1.000000 1.000000 3160.712891
1.000000 1.000000 3162.868164
1.000000 1.000000 3164.987305
1.000000 1.000000 3167.070557
1.000000 1.000000 3169.118652
1.000000 1.000000 3171.131836
1.000000 1.000000 3173.110840
1.000000 1.000000 3175.056885
1.000000 1.000000 3176.970215
1.000000 1.000000 3178.852539
1.000000 1.000000 3180.704590
1.000000 1.000000 3182.528320
1.000000 1.000000 3184.325928
1.000000 1.000000 3186.098633
1.000000 1.000000 3187.843994
1.000000 1.000000 3189.562744
1.000000 1.000000 3191.257568
1.000000 1.000000 3192.930176
1.000000 1.000000 3194.582275
1.000000 1.000000 3196.214355
1.000000 1.000000 3197.826904
1.000000 1.000000 3199.420410
1.000000 1.000000 3200.995117
1.000000 1.000000 3202.552490
1.000000 1.000000 3204.092529
1.000000 1.000000 3205.615723
1.000000 1.000000 3207.122803
1.000000 1.000000 3208.614014
1.000000 1.000000 3210.089111
1.000000 1.000000 3211.548828
1.000000 1.000000 3212.993408
1.000000 1.000000 3214.423828
1.000000 1.000000 3215.839600
1.000000 1.000000 3217.239014
1.000000 1.000000 3218.623535
1.000000 1.000000 3219.995361
1.000000 1.000000 3221.353271
1.000000 1.000000 3222.697021
1.000000 1.000000 3224.027588
1.000000 1.000000 3225.344971
1.000000 1.000000 3226.651367
1.000000 1.000000 3227.951172
1.000000 1.000000 3229.252197
1.000000 1.000000 3230.559570
1.000000 1.000000 3231.874512
1.000000 1.000000 3233.199219
1.000000 1.000000 3234.532715
1.000000 1.000000 3235.875732
1.000000 1.000000 3237.228027
1.000000 1.000000 3238.589600
1.000000 1.000000 3239.960449
1.000000 1.000000 3241.340820
1.000000 1.000000 3242.729980
1.000000 1.000000 3244.128174
1.000000 1.000000 3245.535400
1.000000 1.000000 3246.951660
1.000000 1.000000 3248.376709
1.000000 1.000000 3249.810059
1.000000 1.000000 3251.252197
1.000000 1.000000 3252.703125
1.000000 1.000000 3254.163574
1.000000 1.000000 3255.634277
1.000000 1.000000 3257.114014
1.000000 1.000000 3258.602295
1.000000 1.000000 3260.099121
1.000000 1.000000 3261.606201
1.000000 1.000000 3263.124512
1.000000 1.000000 3264.654785
1.000000 1.000000 3266.197510
1.000000 1.000000 3267.752441
1.000000 1.000000 3269.319580
1.000000 1.000000 3270.899902
1.000000 1.000000 3272.493164
1.000000 1.000000 3274.098877
1.000000 1.000000 3275.716553
1.000000 1.000000 3277.340088
1.000000 1.000000 3278.968506
1.000000 1.000000 3280.607178
1.000000 1.000000 3282.256348
1.000000 1.000000 3283.916016
1.000000 1.000000 3285.587158
1.000000 1.000000 3287.268799
1.000000 1.000000 3288.961914
1.000000 1.000000 3290.666260
1.000000 1.000000 3292.381836
1.000000 1.000000 3294.108154
1.000000 1.000000 3295.845215
1.000000 1.000000 3297.594238
1.000000 1.000000 3299.354980
1.000000 1.000000 3301.127930
1.000000 1.000000 3302.912842
1.000000 1.000000 3304.709717
1.000000 1.000000 3306.518555
1.000000 1.000000 3308.339355
1.000000 1.000000 3310.172363
1.000000 1.000000 3312.016846
1.000000 1.000000 3313.872559
1.000000 1.000000 3315.739746
1.000000 1.000000 3317.618652
1.000000 1.000000 3319.508789
1.000000 1.000000 3321.410400
1.000000 1.000000 3323.323730
1.000000 1.000000 3325.248779
1.000000 1.000000 3327.185547
1.000000 1.000000 3329.133545
1.000000 1.000000 3331.092773
1.000000 1.000000 3333.063232
1.000000 1.000000 3335.045410
1.000000 1.000000 3337.039063
1.000000 1.000000 3339.044189
1.000000 1.000000 3341.060303
1.000000 1.000000 3343.087891
1.000000 1.000000 3345.126465
1.000000 1.000000 3347.176270
1.000000 1.000000 3349.236816
1.000000 1.000000 3351.308350
1.000000 1.000000 3353.390625
1.000000 1.000000 3355.483643
1.000000 1.000000 3357.587158
1.000000 1.000000 3359.700928
1.000000 1.000000 3361.825195
1.000000 1.000000 3363.959717
1.000000 1.000000 3366.104248
1.000000 1.000000 3368.258789
1.000000 1.000000 3370.423340
1.000000 1.000000 3372.597900
1.000000 1.000000 3374.782227
1.000000 1.000000 3376.976563
1.000000 1.000000 3379.180420
1.000000 1.000000 3381.393799
1.000000 1.000000 3383.616699
1.000000 1.000000 3385.848877
1.000000 1.000000 3388.090820
1.000000 1.000000 3390.340820
1.000000 1.000000 3392.594238
1.000000 1.000000 3394.851807
1.000000 1.000000 3397.117920
1.000000 1.000000 3399.390869
1.000000 1.000000 3401.671143
1.000000 1.000000 3403.958008
1.000000 1.000000 3406.250732
1.000000 1.000000 3408.549805
1.000000 1.000000 3410.854248
1.000000 1.000000 3413.163574
1.000000 1.000000 3415.477539
1.000000 1.000000 3417.795654
1.000000 1.000000 3420.117920
1.000000 1.000000 3422.444092
1.000000 1.000000 3424.774170
1.000000 1.000000 3427.106934
1.000000 1.000000 3429.442139
1.000000 1.000000 3431.779053
1.000000 1.000000 3434.117920
1.000000 1.000000 3436.458252
1.000000 1.000000 3438.800049
1.000000 1.000000 3441.143555
1.000000 1.000000 3443.488037
1.000000 1.000000 3445.833008
1.000000 1.000000 3448.177979
1.000000 1.000000 3450.522217
1.000000 1.000000 3452.865234
1.000000 1.000000 3455.206543
1.000000 1.000000 3457.545410
1.000000 1.000000 3459.880371
1.000000 1.000000 3462.208252
1.000000 1.000000 3464.528564
1.000000 1.000000 3466.842285
1.000000 1.000000 3469.148438
1.000000 1.000000 3471.446777
1.000000 1.000000 3473.737061
1.000000 1.000000 3476.018066
1.000000 1.000000 3478.289063
1.000000 1.000000 3480.549316
1.000000 1.000000 3482.799072
1.000000 1.000000 3485.038330
1.000000 1.000000 3487.267822
1.000000 1.000000 3489.487793
1.000000 1.000000 3491.697510
1.000000 1.000000 3493.897705
1.000000 1.000000 3496.087891
1.000000 1.000000 3498.268311
1.000000 1.000000 3500.439453
1.000000 1.000000 3502.601563
1.000000 1.000000 3504.754395
1.000000 1.000000 3506.897949
1.000000 1.000000 3509.032227
1.000000 1.000000 3511.157227
1.000000 1.000000 3513.273193
1.000000 1.000000 3515.380615
1.000000 1.000000 3517.479980
1.000000 1.000000 3519.571045
1.000000 1.000000 3521.654297
1.000000 1.000000 3523.729492
1.000000 1.000000 3525.797852
1.000000 1.000000 3527.859619
1.000000 1.000000 3529.914551
1.000000 1.000000 3531.962402
1.000000 1.000000 3534.002686
1.000000 1.000000 3536.035645
1.000000 1.000000 3538.060791
1.000000 1.000000 3540.074463
1.000000 1.000000 3542.076904
1.000000 1.000000 3544.068115
1.000000 1.000000 3546.048096
1.000000 1.000000 3548.017334
1.000000 1.000000 3549.976074
1.000000 1.000000 3551.925781
1.000000 1.000000 3553.866699
1.000000 1.000000 3555.800049
1.000000 1.000000 3557.727783
1.000000 1.000000 3559.651611
1.000000 1.000000 3561.572510
1.000000 1.000000 3563.493652
1.000000 1.000000 3565.415771
1.000000 1.000000 3567.339355
1.000000 1.000000 3569.265137
1.000000 1.000000 3571.193848
1.000000 1.000000 3573.126465
1.000000 1.000000 3575.063721
1.000000 1.000000 3577.006348
1.000000 1.000000 3578.954590
1.000000 1.000000 3580.908936
1.000000 1.000000 3582.869385
1.000000 1.000000 3584.836914
1.000000 1.000000 3586.811279
1.000000 1.000000 3588.793213
1.000000 1.000000 3590.782715
1.000000 1.000000 3592.780518
1.000000 1.000000 3594.786621
1.000000 1.000000 3596.801270
1.000000 1.000000 3598.824707
1.000000 1.000000 3600.857422
1.000000 1.000000 3602.899414
1.000000 1.000000 3604.950684
1.000000 1.000000 3607.010986
1.000000 1.000000 3609.080322
1.000000 1.000000 3611.159180
1.000000 1.000000 3613.247070
1.000000 1.000000 3615.344727
1.000000 1.000000 3617.452393
1.000000 1.000000 3619.570068
1.000000 1.000000 3621.698242
1.000000 1.000000 3623.836914
1.000000 1.000000 3625.986084
1.000000 1.000000 3628.145264
1.000000 1.000000 3630.314697
1.000000 1.000000 3632.494141
1.000000 1.000000 3634.683594
1.000000 1.000000 3636.879639
1.000000 1.000000 3639.079834
1.000000 1.000000 3641.285889
1.000000 1.000000 3643.499756
1.000000 1.000000 3645.719971
1.000000 1.000000 3647.945801
1.000000 1.000000 3650.176514
1.000000 1.000000 3652.412354
1.000000 1.000000 3654.652832
1.000000 1.000000 3656.896973
1.000000 1.000000 3659.141113
1.000000 1.000000 3661.383301
1.000000 1.000000 3663.623291
1.000000 1.000000 3665.862305
1.000000 1.000000 3668.101318
1.000000 1.000000 3670.340576
1.000000 1.000000 3672.580566
1.000000 1.000000 3674.823242
1.000000 1.000000 3677.070068
1.000000 1.000000 3679.322754
1.000000 1.000000 3681.582275
1.000000 1.000000 3683.849121
1.000000 1.000000 3686.123047
1.000000 1.000000 3688.404541
1.000000 1.000000 3690.693604
1.000000 1.000000 3692.990479
1.000000 1.000000 3695.295410
1.000000 1.000000 3697.608154
1.000000 1.000000 3699.928467
1.000000 1.000000 3702.256592
1.000000 1.000000 3704.592041
1.000000 1.000000 3706.935059
1.000000 1.000000 3709.285156
1.000000 1.000000 3711.642578
1.000000 1.000000 3714.006592
1.000000 1.000000 3716.377930
1.000000 1.000000 3718.756348
1.000000 1.000000 3721.141602
1.000000 1.000000 3723.533936
1.000000 1.000000 3725.932861
1.000000 1.000000 3728.338867
1.000000 1.000000 3730.751709
1.000000 1.000000 3733.171143
1.000000 1.000000 3735.596924
1.000000 1.000000 3738.029053
1.000000 1.000000 3740.468262
1.000000 1.000000 3742.914063
1.000000 1.000000 3745.366699
1.000000 1.000000 3747.825928
1.000000 1.000000 3750.291504
1.000000 1.000000 3752.763672
1.000000 1.000000 3755.241943
1.000000 1.000000 3757.726318
1.000000 1.000000 3760.217041
1.000000 1.000000 3762.714355
1.000000 1.000000 3765.218018
1.000000 1.000000 3767.728516
1.000000 1.000000 3770.245850
1.000000 1.000000 3772.769775
1.000000 1.000000 3775.300781
1.000000 1.000000 3777.838623
1.000000 1.000000 3780.383057
1.000000 1.000000 3782.934082
1.000000 1.000000 3785.491943
1.000000 1.000000 3788.056152
1.000000 1.000000 3790.626465
1.000000 1.000000 3793.202637
1.000000 1.000000 3795.784912
1.000000 1.000000 3798.372803
1.000000 1.000000 3800.966553
1.000000 1.000000 3803.566162
1.000000 1.000000 3806.171631
1.000000 1.000000 3808.782715
1.000000 1.000000 3811.399414
1.000000 1.000000 3814.021729
1.000000 1.000000 3816.649414
1.000000 1.000000 3819.282715
1.000000 1.000000 3821.921875
1.000000 1.000000 3824.566162
1.000000 1.000000 3827.216309
1.000000 1.000000 3829.872070
1.000000 1.000000 3832.533447
1.000000 1.000000 3835.200439
1.000000 1.000000 3837.873047
1.000000 1.000000 3840.551514
1.000000 1.000000 3843.235596
1.000000 1.000000 3845.925049
1.000000 1.000000 3848.620361
1.000000 1.000000 3851.321045
1.000000 1.000000 3854.026855
1.000000 1.000000 3856.738281
1.000000 1.000000 3859.455566
1.000000 1.000000 3862.178955
1.000000 1.000000 3864.907959
1.000000 1.000000 3867.642822
1.000000 1.000000 3870.383789
1.000000 1.000000 3873.130859
1.000000 1.000000 3875.884766
1.000000 1.000000 3878.643799
1.000000 1.000000 3881.405273
1.000000 1.000000 3884.169434
1.000000 1.000000 3886.939697
1.000000 1.000000 3889.716797
1.000000 1.000000 3892.500244
1.000000 1.000000 3895.289551
1.000000 1.000000 3898.084473
1.000000 1.000000 3900.885742
1.000000 1.000000 3903.693359
1.000000 1.000000 3906.507080
1.000000 1.000000 3909.326660
1.000000 1.000000 3912.152100
1.000000 1.000000 3914.983643
1.000000 1.000000 3917.821533
1.000000 1.000000 3920.665527
1.000000 1.000000 3923.515137
1.000000 1.000000 3926.370361
1.000000 1.000000 3929.231201
1.000000 1.000000 3932.098145
1.000000 1.000000 3934.970703
1.000000 1.000000 3937.849121
1.000000 1.000000 3940.733398
1.000000 1.000000 3943.623535
1.000000 1.000000 3946.519531
1.000000 1.000000 3949.421387
1.000000 1.000000 3952.328857
1.000000 1.000000 3955.242432
1.000000 1.000000 3958.161377
1.000000 1.000000 3961.086426
1.000000 1.000000 3964.017334
1.000000 1.000000 3966.953857
1.000000 1.000000 3969.896240
1.000000 1.000000 3972.843994
1.000000 1.000000 3975.797119
1.000000 1.000000 3978.756104
1.000000 1.000000 3981.720703
1.000000 1.000000 3984.690918
1.000000 1.000000 3987.666748
1.000000 1.000000 3990.648438
1.000000 1.000000 3993.635986
1.000000 1.000000 3996.629150
1.000000 1.000000 3999.628174
1.000000 1.000000 4002.632568
1.000000 1.000000 4005.642578
1.000000 1.000000 4008.658203
1.000000 1.000000 4011.679199
1.000000 1.000000 4014.705811
1.000000 1.000000 4017.738281
1.000000 1.000000 4020.776123
1.000000 1.000000 4023.819580
1.000000 1.000000 4026.868164
1.000000 1.000000 4029.922363
1.000000 1.000000 4032.982178
1.000000 1.000000 4036.047363
1.000000 1.000000 4039.118164
1.000000 1.000000 4042.194092
1.000000 1.000000 4045.275391
1.000000 1.000000 4048.362061
1.000000 1.000000 4051.454102
1.000000 1.000000 4054.551514
1.000000 1.000000 4057.654297
1.000000 1.000000 4060.762207
1.000000 1.000000 4063.875244
1.000000 1.000000 4066.993164
1.000000 1.000000 4070.116211
1.000000 1.000000 4073.244141
1.000000 1.000000 4076.377441
1.000000 1.000000 4079.515869
1.000000 1.000000 4082.659668
1.000000 1.000000 4085.808838
1.000000 1.000000 4088.962891
1.000000 1.000000 4092.122070
1.000000 1.000000 4095.286133
1.000000 1.000000 4098.455078
1.000000 1.000000 4101.629395
1.000000 1.000000 4104.808105
1.000000 1.000000 4107.992188
1.000000 1.000000 4111.180664
1.000000 1.000000 4114.374512
1.000000 1.000000 4117.572754
1.000000 1.000000 4120.775391
1.000000 1.000000 4123.982910
1.000000 1.000000 4127.194824
1.000000 1.000000 4130.410645
1.000000 1.000000 4133.630859
1.000000 1.000000 4136.854980
1.000000 1.000000 4140.082520
1.000000 1.000000 4143.313477
1.000000 1.000000 4146.548340
1.000000 1.000000 4149.786621
1.000000 1.000000 4153.028320
1.000000 1.000000 4156.272949
1.000000 1.000000 4159.520508
1.000000 1.000000 4162.769043
1.000000 1.000000 4166.019531
1.000000 1.000000 4169.270508
1.000000 1.000000 4172.520996
1.000000 1.000000 4175.770996
1.000000 1.000000 4179.020020
1.000000 1.000000 4182.266602
1.000000 1.000000 4185.510742
1.000000 1.000000 4188.751953
1.000000 1.000000 4191.988281
1.000000 1.000000 4195.219727
1.000000 1.000000 4198.446289
1.000000 1.000000 4201.667480
1.000000 1.000000 4204.883301
1.000000 1.000000 4208.093262
1.000000 1.000000 4211.298340
1.000000 1.000000 4214.497070
1.000000 1.000000 4217.689941
1.000000 1.000000 4220.876953
1.000000 1.000000 4224.058594
1.000000 1.000000 4227.234375
1.000000 1.000000 4230.402832
1.000000 1.000000 4233.562012
1.000000 1.000000 4236.711914
1.000000 1.000000 4239.852051
1.000000 1.000000 4242.982910
1.000000 1.000000 4246.103516
1.000000 1.000000 4249.215820
1.000000 1.000000 4252.321289
1.000000 1.000000 4255.422852
1.000000 1.000000 4258.523438
1.000000 1.000000 4261.623047
1.000000 1.000000 4264.721191
1.000000 1.000000 4267.815918
1.000000 1.000000 4270.908691
1.000000 1.000000 4274.000977
1.000000 1.000000 4277.094727
1.000000 1.000000 4280.191895
1.000000 1.000000 4283.292969
1.000000 1.000000 4286.396484
1.000000 1.000000 4289.503906
1.000000 1.000000 4292.613770
1.000000 1.000000 4295.726563
1.000000 1.000000 4298.842285
1.000000 1.000000 4301.961426
1.000000 1.000000 4305.082520
1.000000 1.000000 4308.207520
1.000000 1.000000 4311.335938
1.000000 1.000000 4314.466797
1.000000 1.000000 4317.600098
1.000000 1.000000 4320.735840
1.000000 1.000000 4323.874512
1.000000 1.000000 4327.016113
1.000000 1.000000 4330.160645
1.000000 1.000000 4333.307617
1.000000 1.000000 4336.456543
1.000000 1.000000 4339.607910
1.000000 1.000000 4342.762695
1.000000 1.000000 4345.919922
1.000000 1.000000 4349.080078
1.000000 1.000000 4352.242676
1.000000 1.000000 4355.409180
1.000000 1.000000 4358.578125
1.000000 1.000000 4361.750488
1.000000 1.000000 4364.925293
1.000000 1.000000 4368.103027
1.000000 1.000000 4371.284180
1.000000 1.000000 4374.468750
1.000000 1.000000 4377.657227
1.000000 1.000000 4380.850586
1.000000 1.000000 4384.046875
1.000000 1.000000 4387.247070
1.000000 1.000000 4390.451172
1.000000 1.000000 4393.660156
1.000000 1.000000 4396.872559
1.000000 1.000000 4400.088379
1.000000 1.000000 4403.308594
1.000000 1.000000 4406.532227
1.000000 1.000000 4409.760254
1.000000 1.000000 4412.992188
1.000000 1.000000 4416.228027
1.000000 1.000000 4419.467285
1.000000 1.000000 4422.711426
1.000000 1.000000 4425.958984
1.000000 1.000000 4429.210938
1.000000 1.000000 4432.466797
1.000000 1.000000 4435.726563
1.000000 1.000000 4438.990723
1.000000 1.000000 4442.258301
1.000000 1.000000 4445.530273
1.000000 1.000000 4448.806152
1.000000 1.000000 4452.085938
1.000000 1.000000 4455.369629
1.000000 1.000000 4458.656738
1.000000 1.000000 4461.948242
1.000000 1.000000 4465.243652
1.000000 1.000000 4468.542480
1.000000 1.000000 4471.845703
1.000000 1.000000 4475.152832
1.000000 1.000000 4478.462891
1.000000 1.000000 4481.776367
1.000000 1.000000 4485.093750
1.000000 1.000000 4488.414551
1.000000 1.000000 4491.738770
1.000000 1.000000 4495.066895
1.000000 1.000000 4498.398438
1.000000 1.000000 4501.734375
1.000000 1.000000 4505.073730
1.000000 1.000000 4508.417480
1.000000 1.000000 4511.764160
1.000000 1.000000 4515.114746
1.000000 1.000000 4518.469238
1.000000 1.000000 4521.827148
1.000000 1.000000 4525.188477
1.000000 1.000000 4528.553223
1.000000 1.000000 4531.921387
1.000000 1.000000 4535.293457
1.000000 1.000000 4538.668945
1.000000 1.000000 4542.047852
1.000000 1.000000 4545.430176
1.000000 1.000000 4548.815918
1.000000 1.000000 4552.205078
1.000000 1.000000 4555.593750
1.000000 1.000000 4558.982422
1.000000 1.000000 4562.373535
1.000000 1.000000 4565.767578
1.000000 1.000000 4569.164063
1.000000 1.000000 4572.563477
1.000000 1.000000 4575.965820
1.000000 1.000000 4579.370117
1.000000 1.000000 4582.777344
1.000000 1.000000 4586.187012
1.000000 1.000000 4589.599609
1.000000 1.000000 4593.014648
1.000000 1.000000 4596.432129
1.000000 1.000000 4599.852539
1.000000 1.000000 4603.274902
1.000000 1.000000 4606.699707
1.000000 1.000000 4610.127441
1.000000 1.000000 4613.557617
1.000000 1.000000 4616.990234
1.000000 1.000000 4620.425293
1.000000 1.000000 4623.862305
1.000000 1.000000 4627.302246
1.000000 1.000000 4630.744141
1.000000 1.000000 4634.188965
1.000000 1.000000 4637.636719
1.000000 1.000000 4641.086426
1.000000 1.000000 4644.539063
1.000000 1.000000 4647.993652
1.000000 1.000000 4651.450195
1.000000 1.000000 4654.909668
1.000000 1.000000 4658.370605
1.000000 1.000000 4661.833984
1.000000 1.000000 4665.300293
1.000000 1.000000 4668.769043
1.000000 1.000000 4672.239258
1.000000 1.000000 4675.712402
1.000000 1.000000 4679.187988
1.000000 1.000000 4682.666016
1.000000 1.000000 4686.146484
1.000000 1.000000 4689.629883
1.000000 1.000000 4693.115723
1.000000 1.000000 4696.604004
1.000000 1.000000 4700.094238
1.000000 1.000000 4703.586914
1.000000 1.000000 4707.082520
1.000000 1.000000 4710.580566
1.000000 1.000000 4714.080566
1.000000 1.000000 4717.583008
1.000000 1.000000 4721.088379
1.000000 1.000000 4724.595703
1.000000 1.000000 4728.105469
1.000000 1.000000 4731.618164
1.000000 1.000000 4735.132324
1.000000 1.000000 4738.649414
1.000000 1.000000 4742.168457
1.000000 1.000000 4745.689941
1.000000 1.000000 4749.213867
1.000000 1.000000 4752.739746
1.000000 1.000000 4756.268066
1.000000 1.000000 4759.798340
1.000000 1.000000 4763.330566
1.000000 1.000000 4766.865234
1.000000 1.000000 4770.401855
1.000000 1.000000 4773.940430
1.000000 1.000000 4777.481445
1.000000 1.000000 4781.024902
1.000000 1.000000 4784.569824
1.000000 1.000000 4788.117188
1.000000 1.000000 4791.666504
1.000000 1.000000 4795.218262
1.000000 1.000000 4798.771484
1.000000 1.000000 4802.327148
1.000000 1.000000 4805.884766
1.000000 1.000000 4809.444336
1.000000 1.000000 4813.005859
1.000000 1.000000 4816.569336
1.000000 1.000000 4820.134766
1.000000 1.000000 4823.702148
1.000000 1.000000 4827.271484
1.000000 1.000000 4830.842773
1.000000 1.000000 4834.416016
1.000000 1.000000 4837.991211
1.000000 1.000000 4841.567871
1.000000 1.000000 4845.146484
1.000000 1.000000 4848.727051
1.000000 1.000000 4852.309570
1.000000 1.000000 4855.893555
1.000000 1.000000 4859.479980
1.000000 1.000000 4863.067871
1.000000 1.000000 4866.657715
1.000000 1.000000 4870.249512
1.000000 1.000000 4873.843262
1.000000 1.000000 4877.438965
1.000000 1.000000 4881.036133
1.000000 1.000000 4884.635254
1.000000 1.000000 4888.234863
1.000000 1.000000 4891.829590
1.000000 1.000000 4895.409180
1.000000 1.000000 4898.963379
1.000000 1.000000 4902.485352
1.000000 1.000000 4905.971680
1.000000 1.000000 4909.418945
1.000000 1.000000 4912.826660
1.000000 1.000000 4916.193359
1.000000 1.000000 4919.518066
1.000000 1.000000 4922.799316
1.000000 1.000000 4926.037109
1.000000 1.000000 4929.232422
1.000000 1.000000 4932.387207
1.000000 1.000000 4935.500977
1.000000 1.000000 4938.574707
1.000000 1.000000 4941.608398
1.000000 1.000000 4944.603027
1.000000 1.000000 4947.560059
1.000000 1.000000 4950.479004
1.000000 1.000000 4953.358398
1.000000 1.000000 4956.198242
1.000000 1.000000 4958.998535
1.000000 1.000000 4961.761230
1.000000 1.000000 4964.486816
1.000000 1.000000 4967.175781
1.000000 1.000000 4969.829102
1.000000 1.000000 4972.447266
1.000000 1.000000 4975.032227
1.000000 1.000000 4977.583496
1.000000 1.000000 4980.099609
1.000000 1.000000 4982.581543
1.000000 1.000000 4985.030273
1.000000 1.000000 4987.446289
1.000000 1.000000 4989.830078
1.000000 1.000000 4992.180664
1.000000 1.000000 4994.496094
1.000000 1.000000 4996.774902
1.000000 1.000000 4999.016602
1.000000 1.000000 5001.221191
1.000000 1.000000 5003.390625
1.000000 1.000000 5005.526367
1.000000 1.000000 5007.629883
1.000000 1.000000 5009.702637
1.000000 1.000000 5011.744629
1.000000 1.000000 5013.757324
1.000000 1.000000 5015.742188
1.000000 1.000000 5017.701172
1.000000 1.000000 5019.635742
1.000000 1.000000 5021.545898
1.000000 1.000000 5023.431152
1.000000 1.000000 5025.293945
1.000000 1.000000 5027.134277
1.000000 1.000000 5028.954102
1.000000 1.000000 5030.753418
1.000000 1.000000 5032.532715
1.000000 1.000000 5034.293457
1.000000 1.000000 5036.035645
1.000000 1.000000 5037.760742
1.000000 1.000000 5039.470215
1.000000 1.000000 5041.163574
1.000000 1.000000 5042.842773
1.000000 1.000000 5044.508301
1.000000 1.000000 5046.160645
1.000000 1.000000 5047.801270
1.000000 1.000000 5049.429688
1.000000 1.000000 5051.044922
1.000000 1.000000 5052.645996
1.000000 1.000000 5054.232910
1.000000 1.000000 5055.806152
1.000000 1.000000 5057.366211
1.000000 1.000000 5058.913086
1.000000 1.000000 5060.447754
1.000000 1.000000 5061.969238
1.000000 1.000000 5063.479492
1.000000 1.000000 5064.979004
1.000000 1.000000 5066.468262
1.000000 1.000000 5067.948730
1.000000 1.000000 5069.423340
1.000000 1.000000 5070.893066
1.000000 1.000000 5072.360352
1.000000 1.000000 5073.829102
1.000000 1.000000 5075.302246
1.000000 1.000000 5076.781250
1.000000 1.000000 5078.267090
1.000000 1.000000 5079.759766
1.000000 1.000000 5081.259766
1.000000 1.000000 5082.767090
1.000000 1.000000 5084.282227
1.000000 1.000000 5085.805664
1.000000 1.000000 5087.336426
1.000000 1.000000 5088.875000
1.000000 1.000000 5090.421875
1.000000 1.000000 5091.977051
1.000000 1.000000 5093.538574
1.000000 1.000000 5095.108887
1.000000 1.000000 5096.687988
1.000000 1.000000 5098.274902
1.000000 1.000000 5099.870605
1.000000 1.000000 5101.474121
1.000000 1.000000 5103.084961
1.000000 1.000000 5104.702637
1.000000 1.000000 5106.328125
1.000000 1.000000 5107.961426
1.000000 1.000000 5109.603516
1.000000 1.000000 5111.254883
1.000000 1.000000 5112.915527
1.000000 1.000000 5114.585449
1.000000 1.000000 5116.265137
1.000000 1.000000 5117.954590
1.000000 1.000000 5119.654785
1.000000 1.000000 5121.364258
1.000000 1.000000 5123.083984
1.000000 1.000000 5124.813965
1.000000 1.000000 5126.554199
1.000000 1.000000 5128.305176
1.000000 1.000000 5130.066406
1.000000 1.000000 5131.838379
1.000000 1.000000 5133.621094
1.000000 1.000000 5135.414063
1.000000 1.000000 5137.218262
1.000000 1.000000 5139.032715
1.000000 1.000000 5140.857422
1.000000 1.000000 5142.693359
1.000000 1.000000 5144.539551
1.000000 1.000000 5146.396484
1.000000 1.000000 5148.263672
1.000000 1.000000 5150.141113
1.000000 1.000000 5152.028809
1.000000 1.000000 5153.926758
1.000000 1.000000 5155.834961
1.000000 1.000000 5157.753418
1.000000 1.000000 5159.682129
1.000000 1.000000 5161.621094
1.000000 1.000000 5163.570801
1.000000 1.000000 5165.531738
1.000000 1.000000 5167.503418
1.000000 1.000000 5169.484863
1.000000 1.000000 5171.477051
1.000000 1.000000 5173.479492
1.000000 1.000000 5175.492188
1.000000 1.000000 5177.515625
1.000000 1.000000 5179.549316
1.000000 1.000000 5181.593262
1.000000 1.000000 5183.647949
1.000000 1.000000 5185.712402
1.000000 1.000000 5187.787598
1.000000 1.000000 5189.873047
1.000000 1.000000 5191.968750
1.000000 1.000000 5194.074707
1.000000 1.000000 5196.190430
1.000000 1.000000 5198.316406
1.000000 1.000000 5200.452637
1.000000 1.000000 5202.598633
1.000000 1.000000 5204.754883
1.000000 1.000000 5206.920410
1.000000 1.000000 5209.096191
1.000000 1.000000 5211.281250
1.000000 1.000000 5213.476074
1.000000 1.000000 5215.680176
1.000000 1.000000 5217.893066
1.000000 1.000000 5220.115234
1.000000 1.000000 5222.347168
1.000000 1.000000 5224.587891
1.000000 1.000000 5226.837402
1.000000 1.000000 5229.096191
1.000000 1.000000 5231.363770
1.000000 1.000000 5233.639648
1.000000 1.000000 5235.920898
1.000000 1.000000 5238.205078
1.000000 1.000000 5240.495605
1.000000 1.000000 5242.793457
1.000000 1.000000 5245.098633
1.000000 1.000000 5247.411133
1.000000 1.000000 5249.730957
1.000000 1.000000 5252.058105
1.000000 1.000000 5254.392090
1.000000 1.000000 5256.733887
1.000000 1.000000 5259.082031
1.000000 1.000000 5261.437988
1.000000 1.000000 5263.801270
1.000000 1.000000 5266.171875
1.000000 1.000000 5268.549805
1.000000 1.000000 5270.934570
1.000000 1.000000 5273.326660
1.000000 1.000000 5275.726074
1.000000 1.000000 5278.131836
1.000000 1.000000 5280.544434
1.000000 1.000000 5282.964355
1.000000 1.000000 5285.390625
1.000000 1.000000 5287.823242
1.000000 1.000000 5290.262207
1.000000 1.000000 5292.708008
1.000000 1.000000 5295.159668
1.000000 1.000000 5297.618652
1.000000 1.000000 5300.084473
1.000000 1.000000 5302.556641
1.000000 1.000000 5305.035645
1.000000 1.000000 5307.520996
1.000000 1.000000 5310.012695
1.000000 1.000000 5312.510742
1.000000 1.000000 5315.015137
1.000000 1.000000 5317.524414
1.000000 1.000000 5320.035645
1.000000 1.000000 5322.545410
1.000000 1.000000 5325.050293
1.000000 1.000000 5327.548340
1.000000 1.000000 5330.037109
1.000000 1.000000 5332.515625
1.000000 1.000000 5334.985352
1.000000 1.000000 5337.445313
1.000000 1.000000 5339.896484
1.000000 1.000000 5342.337891
1.000000 1.000000 5344.770020
1.000000 1.000000 5347.192871
1.000000 1.000000 5349.606445
1.000000 1.000000 5352.010742
1.000000 1.000000 5354.405762
1.000000 1.000000 5356.791504
1.000000 1.000000 5359.168945
1.000000 1.000000 5361.539551
1.000000 1.000000 5363.907227
1.000000 1.000000 5366.273438
1.000000 1.000000 5368.637695
1.000000 1.000000 5371.001465
1.000000 1.000000 5373.367188
1.000000 1.000000 5375.736328
1.000000 1.000000 5378.109375
1.000000 1.000000 5380.487793
1.000000 1.000000 5382.871094
1.000000 1.000000 5385.258789
1.000000 1.000000 5387.651367
1.000000 1.000000 5390.048828
1.000000 1.000000 5392.451172
1.000000 1.000000 5394.858887
1.000000 1.000000 5397.270508
1.000000 1.000000 5399.687500
1.000000 1.000000 5402.109863
1.000000 1.000000 5404.537109
1.000000 1.000000 5406.969238
1.000000 1.000000 5409.405762
1.000000 1.000000 5411.846191
1.000000 1.000000 5414.290039
1.000000 1.000000 5416.738281
1.000000 1.000000 5419.189941
1.000000 1.000000 5421.645996
1.000000 1.000000 5424.105469
1.000000 1.000000 5426.569824
1.000000 1.000000 5429.038574
1.000000 1.000000 5431.511230
1.000000 1.000000 5433.986816
1.000000 1.000000 5436.466797
1.000000 1.000000 5438.950684
1.000000 1.000000 5441.437988
1.000000 1.000000 5443.929199
1.000000 1.000000 5446.424805
1.000000 1.000000 5448.924805
1.000000 1.000000 5451.429688
1.000000 1.000000 5453.939941
1.000000 1.000000 5456.455078
1.000000 1.000000 5458.975586
1.000000 1.000000 5461.501465
1.000000 1.000000 5464.033203
1.000000 1.000000 5466.570801
1.000000 1.000000 5469.114258
1.000000 1.000000 5471.664063
1.000000 1.000000 5474.220703
1.000000 1.000000 5476.783203
1.000000 1.000000 5479.352051
1.000000 1.000000 5481.926270
1.000000 1.000000 5484.506348
1.000000 1.000000 5487.092773
1.000000 1.000000 5489.684570
1.000000 1.000000 5492.282715
1.000000 1.000000 5494.886719
1.000000 1.000000 5497.496582
1.000000 1.000000 5500.111816
1.000000 1.000000 5502.732422
1.000000 1.000000 5505.358398
1.000000 1.000000 5507.990723
1.000000 1.000000 5510.628906
1.000000 1.000000 5513.271973
1.000000 1.000000 5515.921387
1.000000 1.000000 5518.576172
1.000000 1.000000 5521.237305
1.000000 1.000000 5523.903809
1.000000 1.000000 5526.576660
1.000000 1.000000 5529.256348
1.000000 1.000000 5531.943359
1.000000 1.000000 5534.638184
1.000000 1.000000 5537.338867
1.000000 1.000000 5540.046875
1.000000 1.000000 5542.760742
1.000000 1.000000 5545.481934
1.000000 1.000000 5548.209961
1.000000 1.000000 5550.944824
1.000000 1.000000 5553.685547
1.000000 1.000000 5556.432129
1.000000 1.000000 5559.185547
1.000000 1.000000 5561.944824
1.000000 1.000000 5564.710449
1.000000 1.000000 5567.482422
1.000000 1.000000 5570.257813
1.000000 1.000000 5573.033203
1.000000 1.000000 5575.802246
1.000000 1.000000 5578.560547
1.000000 1.000000 5581.302734
1.000000 1.000000 5584.026855
1.000000 1.000000 5586.730957
1.000000 1.000000 5589.412109
1.000000 1.000000 5592.070313
1.000000 1.000000 5594.704590
1.000000 1.000000 5597.312500
1.000000 1.000000 5599.892578
1.000000 1.000000 5602.447266
1.000000 1.000000 5604.977051
1.000000 1.000000 5607.481445
1.000000 1.000000 5609.960449
1.000000 1.000000 5612.414551
1.000000 1.000000 5614.846191
1.000000 1.000000 5617.254395
1.000000 1.000000 5619.636230
1.000000 1.000000 5621.990723
1.000000 1.000000 5624.319336
1.000000 1.000000 5626.623047
1.000000 1.000000 5628.901855
1.000000 1.000000 5631.155762
1.000000 1.000000 5633.384766
1.000000 1.000000 5635.587891
1.000000 1.000000 5637.765625
1.000000 1.000000 5639.917969
1.000000 1.000000 5642.046387
1.000000 1.000000 5644.153809
1.000000 1.000000 5646.241699
1.000000 1.000000 5648.306152
1.000000 1.000000 5650.347168
1.000000 1.000000 5652.367188
1.000000 1.000000 5654.367188
1.000000 1.000000 5656.348145
1.000000 1.000000 5658.311523
1.000000 1.000000 5660.256836
1.000000 1.000000 5662.185547
1.000000 1.000000 5664.097656
1.000000 1.000000 5665.994141
1.000000 1.000000 5667.875000
1.000000 1.000000 5669.740723
1.000000 1.000000 5671.590820
1.000000 1.000000 5673.424805
1.000000 1.000000 5675.242676
1.000000 1.000000 5677.043945
1.000000 1.000000 5678.830078
1.000000 1.000000 5680.600098
1.000000 1.000000 5682.354980
1.000000 1.000000 5684.095215
1.000000 1.000000 5685.821777
1.000000 1.000000 5687.534180
1.000000 1.000000 5689.232422
1.000000 1.000000 5690.916992
1.000000 1.000000 5692.588867
1.000000 1.000000 5694.249023
1.000000 1.000000 5695.896973
1.000000 1.000000 5697.533203
1.000000 1.000000 5699.157715
1.000000 1.000000 5700.771484
1.000000 1.000000 5702.375000
1.000000 1.000000 5703.970215
1.000000 1.000000 5705.561523
1.000000 1.000000 5707.155273
1.000000 1.000000 5708.755371
1.000000 1.000000 5710.363770
1.000000 1.000000 5711.981445
1.000000 1.000000 5713.607910
1.000000 1.000000 5715.244141
1.000000 1.000000 5716.889160
1.000000 1.000000 5718.544434
1.000000 1.000000 5720.208496
1.000000 1.000000 5721.880859
1.000000 1.000000 5723.562988
1.000000 1.000000 5725.253906
1.000000 1.000000 5726.953125
1.000000 1.000000 5728.659668
1.000000 1.000000 5730.374512
1.000000 1.000000 5732.097168
1.000000 1.000000 5733.827637
1.000000 1.000000 5735.564941
1.000000 1.000000 5737.309082
1.000000 1.000000 5739.059570
1.000000 1.000000 5740.816406
1.000000 1.000000 5742.580078
1.000000 1.000000 5744.350098
1.000000 1.000000 5746.127441
1.000000 1.000000 5747.912109
1.000000 1.000000 5749.706055
1.000000 1.000000 5751.510254
1.000000 1.000000 5753.323730
1.000000 1.000000 5755.147949
1.000000 1.000000 5756.981934
1.000000 1.000000 5758.825684
1.000000 1.000000 5760.679199
1.000000 1.000000 5762.542480
1.000000 1.000000 5764.416016
1.000000 1.000000 5766.299316
1.000000 1.000000 5768.192383
1.000000 1.000000 5770.095703
1.000000 1.000000 5772.008789
1.000000 1.000000 5773.932129
1.000000 1.000000 5775.864746
1.000000 1.000000 5777.806152
1.000000 1.000000 5779.757813
1.000000 1.000000 5781.719727
1.000000 1.000000 5783.690430
1.000000 1.000000 5785.669922
1.000000 1.000000 5787.658691
1.000000 1.000000 5789.657715
1.000000 1.000000 5791.666016
1.000000 1.000000 5793.684082
1.000000 1.000000 5795.711914
1.000000 1.000000 5797.749023
1.000000 1.000000 5799.796387
1.000000 1.000000 5801.853516
1.000000 1.000000 5803.920898
1.000000 1.000000 5805.999023
1.000000 1.000000 5808.087891
1.000000 1.000000 5810.187500
1.000000 1.000000 5812.297363
1.000000 1.000000 5814.417969
1.000000 1.000000 5816.549316
1.000000 1.000000 5818.690430
1.000000 1.000000 5820.841797
1.000000 1.000000 5823.003418
1.000000 1.000000 5825.175781
1.000000 1.000000 5827.357910
1.000000 1.000000 5829.550293
1.000000 1.000000 5831.751953
1.000000 1.000000 5833.963867
1.000000 1.000000 5836.185059
1.000000 1.000000 5838.416016
1.000000 1.000000 5840.656738
1.000000 1.000000 5842.906738
1.000000 1.000000 5845.166504
1.000000 1.000000 5847.435547
1.000000 1.000000 5849.708984
1.000000 1.000000 5851.985840
1.000000 1.000000 5854.270508
1.000000 1.000000 5856.563477
1.000000 1.000000 5858.864258
1.000000 1.000000 5861.173340
1.000000 1.000000 5863.491211
1.000000 1.000000 5865.816895
1.000000 1.000000 5868.150391
1.000000 1.000000 5870.491699
1.000000 1.000000 5872.840820
1.000000 1.000000 5875.198242
1.000000 1.000000 5877.563477
1.000000 1.000000 5879.936523
1.000000 1.000000 5882.317383
1.000000 1.000000 5884.706055
1.000000 1.000000 5887.103516
1.000000 1.000000 5889.508301
1.000000 1.000000 5891.920898
1.000000 1.000000 5894.340820
1.000000 1.000000 5896.769043
1.000000 1.000000 5899.204590
1.000000 1.000000 5901.648438
1.000000 1.000000 5904.099609
1.000000 1.000000 5906.558594
1.000000 1.000000 5909.024902
1.000000 1.000000 5911.499023
1.000000 1.000000 5913.980957
1.000000 1.000000 5916.470215
1.000000 1.000000 5918.966797
1.000000 1.000000 5921.471680
1.000000 1.000000 5923.983887
1.000000 1.000000 5926.503906
1.000000 1.000000 5929.031250
1.000000 1.000000 5931.565918
1.000000 1.000000 5934.107910
1.000000 1.000000 5936.657715
1.000000 1.000000 5939.215332
1.000000 1.000000 5941.780273
1.000000 1.000000 5944.352539
1.000000 1.000000 5946.932129
1.000000 1.000000 5949.519043
1.000000 1.000000 5952.113281
1.000000 1.000000 5954.714844
1.000000 1.000000 5957.323242
1.000000 1.000000 5959.938477
1.000000 1.000000 5962.560547
1.000000 1.000000 5965.189453
1.000000 1.000000 5967.824707
1.000000 1.000000 5970.467285
1.000000 1.000000 5973.116699
1.000000 1.000000 5975.772949
1.000000 1.000000 5978.435547
1.000000 1.000000 5981.104492
1.000000 1.000000 5983.780273
1.000000 1.000000 5986.461914
1.000000 1.000000 5989.149902
1.000000 1.000000 5991.843750
1.000000 1.000000 5994.543457
1.000000 1.000000 5997.249023
1.000000 1.000000 5999.960449
1.000000 1.000000 6002.677734
1.000000 1.000000 6005.400391
1.000000 1.000000 6008.128906
1.000000 1.000000 6010.862305
1.000000 1.000000 6013.601074
1.000000 1.000000 6016.344727
1.000000 1.000000 6019.093262
1.000000 1.000000 6021.847168
1.000000 1.000000 6024.604980
1.000000 1.000000 6027.367188
1.000000 1.000000 6030.133789
1.000000 1.000000 6032.905273
1.000000 1.000000 6035.680664
1.000000 1.000000 6038.460449
1.000000 1.000000 6041.243652
1.000000 1.000000 6044.031250
1.000000 1.000000 6046.822266
1.000000 1.000000 6049.617188
1.000000 1.000000 6052.416016
1.000000 1.000000 6055.217773
1.000000 1.000000 6058.023926
1.000000 1.000000 6060.833496
1.000000 1.000000 6063.644043
1.000000 1.000000 6066.453613
1.000000 1.000000 6069.265137
1.000000 1.000000 6072.079590
1.000000 1.000000 6074.896484
1.000000 1.000000 6077.717285
1.000000 1.000000 6080.540039
1.000000 1.000000 6083.366211
1.000000 1.000000 6086.194824
1.000000 1.000000 6089.026367
1.000000 1.000000 6091.860840
1.000000 1.000000 6094.698730
1.000000 1.000000 6097.539551
1.000000 1.000000 6100.384277
1.000000 1.000000 6103.231445
1.000000 1.000000 6106.082031
1.000000 1.000000 6108.935547
1.000000 1.000000 6111.792480
1.000000 1.000000 6114.652832
1.000000 1.000000 6117.515625
1.000000 1.000000 6120.381836
1.000000 1.000000 6123.251953
1.000000 1.000000 6126.125977
1.000000 1.000000 6129.003418
1.000000 1.000000 6131.883789
1.000000 1.000000 6134.768066
1.000000 1.000000 6137.656250
1.000000 1.000000 6140.547852
1.000000 1.000000 6143.443359
1.000000 1.000000 6146.342773
1.000000 1.000000 6149.246094
1.000000 1.000000 6152.152832
1.000000 1.000000 6155.063477
1.000000 1.000000 6157.977539
1.000000 1.000000 6160.895996
1.000000 1.000000 6163.818848
1.000000 1.000000 6166.745605
1.000000 1.000000 6169.676758
1.000000 1.000000 6172.611328
1.000000 1.000000 6175.550293
1.000000 1.000000 6178.493164
1.000000 1.000000 6181.440430
1.000000 1.000000 6184.392578
1.000000 1.000000 6187.348145
1.000000 1.000000 6190.308105
1.000000 1.000000 6193.272461
1.000000 1.000000 6196.241211
1.000000 1.000000 6199.213867
1.000000 1.000000 6202.191406
1.000000 1.000000 6205.172852
1.000000 1.000000 6208.159180
1.000000 1.000000 6211.149902
1.000000 1.000000 6214.144531
1.000000 1.000000 6217.143066
1.000000 1.000000 6220.145996
1.000000 1.000000 6223.153320
1.000000 1.000000 6226.164551
1.000000 1.000000 6229.180664
1.000000 1.000000 6232.200684
1.000000 1.000000 6235.225098
1.000000 1.000000 6238.253418
1.000000 1.000000 6241.285645
1.000000 1.000000 6244.321777
1.000000 1.000000 6247.362305
1.000000 1.000000 6250.406738
1.000000 1.000000 6253.455566
1.000000 1.000000 6256.508789
1.000000 1.000000 6259.565918
1.000000 1.000000 6262.626953
1.000000 1.000000 6265.692383
1.000000 1.000000 6268.761230
1.000000 1.000000 6271.834473
1.000000 1.000000 6274.911621
1.000000 1.000000 6277.993164
1.000000 1.000000 6281.078125
1.000000 1.000000 6284.167480
1.000000 1.000000 6287.260742
1.000000 1.000000 6290.357422
1.000000 1.000000 6293.458496
1.000000 1.000000 6296.563477
1.000000 1.000000 6299.672363
1.000000 1.000000 6302.785156
1.000000 1.000000 6305.902344
1.000000 1.000000 6309.022949
1.000000 1.000000 6312.147949
1.000000 1.000000 6315.276367
1.000000 1.000000 6318.409180
1.000000 1.000000 6321.545898
1.000000 1.000000 6324.686523
1.000000 1.000000 6327.831055
1.000000 1.000000 6330.979492
1.000000 1.000000 6334.131836
1.000000 1.000000 6337.288086
1.000000 1.000000 6340.448242
1.000000 1.000000 6343.612793
1.000000 1.000000 6346.781250
1.000000 1.000000 6349.953125
1.000000 1.000000 6353.128906
1.000000 1.000000 6356.307617
1.000000 1.000000 6359.490723
1.000000 1.000000 6362.677246
1.000000 1.000000 6365.867188
1.000000 1.000000 6369.060547
1.000000 1.000000 6372.258301
1.000000 1.000000 6375.458984
1.000000 1.000000 6378.663574
1.000000 1.000000 6381.871582
1.000000 1.000000 6385.083496
1.000000 1.000000 6388.299316
1.000000 1.000000 6391.518555
1.000000 1.000000 6394.741211
1.000000 1.000000 6397.967773
1.000000 1.000000 6401.198242
1.000000 1.000000 6404.432129
1.000000 1.000000 6407.669434
1.000000 1.000000 6410.910645
1.000000 1.000000 6412.531738
