0.000032 0.000000
0.000127 6.494511
0.000205 13.003615
0.000208 19.527040
0.000148 26.064819
0.000093 32.617413
0.000043 39.185299
-0.000024 45.767086
-0.000076 52.364029
-0.000095 58.974594
-0.000081 65.598091
-0.000021 72.235527
0.000094 78.887283
0.000221 85.553307
0.000313 92.233444
0.000354 98.927040
0.000333 105.633896
0.000263 112.354095
0.000166 119.086632
0.000070 125.832306
-0.000001 132.591888
-0.000061 139.364258
-0.000100 146.149307
-0.000123 152.946716
-0.000142 159.756607
-0.000166 166.577698
-0.000179 173.399933
-0.000188 180.231415
-0.000194 187.073669
-0.000188 193.927200
-0.000162 200.792313
-0.000122 207.668503
-0.000076 214.556366
-0.000037 221.455048
-0.000023 228.364349
-0.000023 235.285645
-0.000024 242.217819
-0.000025 249.160370
-0.000018 256.114197
-0.000011 263.079132
-0.000018 270.054382
-0.000044 277.039886
-0.000078 284.035706
-0.000102 291.041962
-0.000096 298.057770
-0.000040 305.084412
0.000047 312.119965
0.000132 319.164307
0.000185 326.218536
0.000184 333.281097
0.000143 340.352203
0.000077 347.433289
0.000016 354.521606
0.000006 361.619385
0.000054 368.726105
0.000127 375.840363
0.000160 382.963959
0.000155 390.096039
0.000069 397.236359
-0.000102 404.385223
-0.000270 411.542847
-0.000356 418.708099
-0.000334 425.881958
-0.000225 433.064697
-0.000032 440.255280
0.000159 447.453217
0.000247 454.658295
0.000230 461.860413
0.000127 469.000427
0.000008 476.026611
-0.000108 482.910400
-0.000174 489.642883
-0.000180 496.216125
-0.000156 502.632751
-0.000100 508.889557
0.000005 514.988586
0.000128 520.933472
0.000247 526.723572
0.000439 532.361084
0.000743 537.849487
0.001160 543.198669
0.001715 548.417969
0.002325 553.506287
0.002801 558.469055
0.003179 563.320435
0.003628 568.069031
0.004180 572.731995
0.004967 577.321411
0.006157 581.841309
0.007561 586.295288
0.008760 590.684875
0.009568 595.009705
0.009910 599.271912
0.009746 603.475952
0.009302 607.625305
0.009015 611.725464
0.009173 615.778198
0.009714 619.784241
0.010408 623.744995
0.011040 627.667175
0.011481 631.587036
0.011539 635.534058
0.011281 639.511536
0.010912 643.519409
0.010550 647.556763
0.010254 651.622437
0.009918 655.716064
0.009570 659.839478
0.009124 663.991699
0.008650 668.171570
0.008211 672.380615
0.007827 676.618103
0.007445 680.883606
0.006951 685.177368
0.006585 689.500061
0.006326 693.853088
0.006248 698.236328
0.006511 702.650024
0.007013 707.093689
0.007495 711.566284
0.007676 716.067322
0.007457 720.596252
0.006518 725.153137
0.004943 729.738708
0.003168 734.353577
0.001453 738.998047
0.000051 743.674438
-0.000760 748.384338
-0.000964 753.127625
-0.000830 757.902893
-0.000626 762.711304
-0.000408 767.552612
-0.000323 772.426575
-0.000374 777.333496
-0.000426 782.273987
-0.000387 787.248047
-0.000312 792.255310
-0.000242 797.295898
-0.000175 802.370544
-0.000127 807.478577
-0.000106 812.619690
-0.000115 817.794250
-0.000143 823.002014
-0.000178 828.242371
-0.000206 833.515991
-0.000210 838.823914
-0.000193 844.165771
-0.000135 849.541687
-0.000038 854.951355
0.000079 860.394409
0.000194 865.870605
0.000297 871.379517
0.000384 876.921082
0.000461 882.494690
0.000563 888.100281
0.000695 893.737366
0.000827 899.392700
0.000955 905.072571
0.001109 910.779785
0.001264 916.513489
0.001398 922.274170
0.001515 928.060791
0.001635 933.873596
0.001722 939.712097
0.001748 945.576294
0.001679 951.465698
0.001504 957.380371
0.001252 963.319763
0.000976 969.284241
0.000756 975.270020
0.000603 981.228455
0.000433 987.087341
0.000270 992.810059
0.000127 998.383362
0.000009 1003.792847
-0.000060 1009.040894
0.000079 1014.131409
0.000516 1019.067200
0.001233 1023.856018
0.002151 1028.506592
0.003169 1033.014404
0.003975 1037.386108
0.004391 1041.637695
0.004548 1045.779907
0.004713 1049.821533
0.005144 1053.768433
0.006035 1057.628906
0.007512 1061.405640
0.009281 1065.099854
0.010896 1068.715454
0.012215 1072.254639
0.013127 1075.721313
0.013692 1079.121948
0.014081 1082.459473
0.014748 1085.737793
0.015723 1088.963745
0.016708 1092.141968
0.017310 1095.276001
0.017361 1098.388428
0.016941 1101.523560
0.015922 1104.689331
0.014497 1107.887451
0.013186 1111.119141
0.012424 1114.384277
0.012229 1117.682983
0.012399 1121.014771
0.012742 1124.379028
0.012823 1127.777344
0.012435 1131.213013
0.011788 1134.687256
0.011026 1138.201050
0.010270 1141.757813
0.009856 1145.358643
0.010073 1149.002563
0.010631 1152.689331
0.011306 1156.418091
0.012130 1160.187012
0.012820 1163.996826
0.013269 1167.845215
0.013564 1171.731445
0.013207 1175.654541
0.011585 1179.613770
0.008776 1183.607422
0.005414 1187.635986
0.002137 1191.702637
-0.000114 1195.810303
-0.000778 1199.960693
-0.000368 1204.154297
0.000463 1208.389648
0.001119 1212.666626
0.001148 1216.984009
0.000463 1221.344727
-0.000346 1225.747559
-0.000667 1230.192017
-0.000517 1234.678101
-0.000125 1239.202393
0.000205 1243.764526
0.000272 1248.359619
0.000148 1252.976074
0.000012 1257.625244
-0.000057 1262.307739
-0.000106 1267.022705
-0.000122 1271.770020
-0.000098 1276.549561
-0.000038 1281.361450
0.000047 1286.205078
0.000130 1291.080811
0.000200 1295.988281
0.000248 1300.926636
0.000265 1305.895874
0.000256 1310.895630
0.000230 1315.926147
0.000195 1320.986816
0.000157 1326.077515
0.000123 1331.197632
0.000081 1336.347046
0.000032 1341.525391
-0.000013 1346.732422
-0.000037 1351.967896
-0.000021 1357.231689
0.000043 1362.523682
0.000144 1367.843018
0.000247 1373.190186
0.000312 1378.565063
0.000323 1383.967163
0.000299 1389.396606
0.000257 1394.853027
0.000217 1400.335571
0.000207 1405.844727
0.000225 1411.380005
0.000258 1416.940674
0.000295 1422.526123
0.000341 1428.136230
0.000395 1433.764282
0.000443 1439.405029
0.000500 1445.067993
0.000562 1450.752686
0.000601 1456.458984
0.000603 1462.186523
0.000594 1467.936157
0.000568 1473.707642
0.000520 1479.500732
0.000490 1485.315308
0.000487 1491.151855
0.000495 1497.009888
0.000517 1502.889404
0.000569 1508.790894
0.000619 1514.714111
0.000660 1520.658325
0.000718 1526.624023
0.000773 1532.610229
0.000810 1538.617188
0.000808 1544.644531
0.000753 1550.692383
0.000651 1556.760986
0.000541 1562.850098
0.000434 1568.959351
0.000365 1575.088257
0.000360 1581.237183
0.000377 1587.405762
0.000408 1593.593506
0.000444 1599.801025
0.000469 1606.027954
0.000477 1612.274170
0.000504 1618.538940
0.000554 1624.822632
0.000570 1631.124512
0.000564 1637.445190
0.000529 1643.783936
0.000453 1650.140747
0.000354 1656.515625
0.000267 1662.907593
0.000222 1669.316528
0.000211 1675.742065
0.000248 1682.183228
0.000324 1688.641724
0.000399 1695.116943
0.000443 1701.608643
0.000469 1708.116699
0.000491 1714.641602
0.000501 1721.182739
0.000512 1727.739990
0.000524 1734.313965
0.000518 1740.904053
0.000467 1747.510010
0.000364 1754.131714
0.000202 1760.768555
0.000017 1767.420898
-0.000131 1774.088013
-0.000208 1780.769775
-0.000175 1787.466064
-0.000041 1794.176636
0.000142 1800.901855
0.000311 1807.640991
0.000437 1814.394043
0.000491 1821.161255
0.000456 1827.942017
0.000380 1834.736328
0.000298 1841.540039
0.000218 1848.346436
0.000135 1855.164063
0.000061 1861.993164
0.000004 1868.833252
-0.000049 1875.683960
-0.000091 1882.545776
-0.000121 1889.418823
-0.000157 1896.303467
-0.000213 1903.199097
-0.000284 1910.105591
-0.000353 1917.023682
-0.000403 1923.953491
-0.000432 1930.893921
-0.000461 1937.845093
-0.000495 1944.807739
-0.000525 1951.781250
-0.000572 1958.765747
-0.000655 1965.760864
-0.000726 1972.766602
-0.000789 1979.782837
-0.000874 1986.809814
-0.000925 1993.847046
-0.000924 2000.894653
-0.000888 2007.952271
-0.000841 2015.020630
-0.000738 2022.099243
-0.000623 2029.188477
-0.000585 2036.288452
-0.000572 2043.399048
-0.000576 2050.519531
-0.000607 2057.651123
-0.000695 2064.793701
-0.000801 2071.947510
-0.000888 2079.112305
-0.000951 2086.288574
-0.000926 2093.475342
-0.000815 2100.672607
-0.000627 2107.854980
-0.000422 2114.949707
-0.000274 2121.917480
-0.000185 2128.731689
-0.000189 2135.377441
-0.000218 2141.857422
-0.000181 2148.175781
-0.000042 2154.341309
0.000116 2160.352051
0.000200 2166.208008
0.000197 2171.911621
0.000071 2177.467773
-0.000182 2182.881592
-0.000474 2188.141113
-0.000747 2193.244385
-0.000921 2198.205811
-0.000962 2203.024170
-0.000930 2207.697021
-0.000985 2212.232910
-0.001256 2216.626953
-0.001620 2220.883789
-0.002097 2225.013916
-0.002917 2229.021973
-0.004175 2232.914551
-0.005900 2236.694580
-0.007947 2240.366455
-0.010100 2243.933105
-0.011932 2247.399414
-0.013222 2250.777344
-0.013996 2254.068848
-0.014204 2257.281982
-0.014332 2260.423828
-0.014808 2263.497070
-0.015711 2266.506592
-0.016978 2269.455566
-0.018450 2272.345459
-0.019939 2275.178711
-0.021151 2277.945801
-0.022159 2280.650879
-0.023047 2283.295898
-0.023644 2285.883789
-0.024188 2288.415527
-0.024307 2290.887695
-0.024224 2293.302734
-0.024104 2295.663086
-0.023797 2297.971191
-0.023377 2300.235107
-0.023147 2302.472412
-0.023095 2304.728516
-0.022705 2307.022949
-0.022170 2309.358643
-0.021145 2311.742188
-0.019129 2314.177246
-0.016560 2316.672363
-0.014088 2319.228516
-0.011803 2321.852051
-0.010012 2324.540527
-0.009360 2327.290771
-0.009109 2330.104736
-0.008668 2332.981445
-0.008119 2335.919434
-0.007026 2338.919434
-0.005543 2341.980469
-0.004023 2345.103760
-0.003021 2348.287842
-0.002327 2351.531738
-0.001916 2354.834717
-0.001778 2358.194824
-0.001661 2361.612793
-0.001569 2365.086670
-0.001520 2368.603760
-0.001462 2372.151855
-0.001330 2375.747070
-0.001107 2379.387451
-0.000781 2383.071777
-0.000337 2386.800049
0.000074 2390.570801
0.000402 2394.384521
0.000650 2398.239258
0.000814 2402.134521
0.000933 2406.070313
0.001021 2410.046143
0.001108 2414.061523
0.001157 2418.115967
0.001204 2422.208740
0.001225 2426.338623
0.001146 2430.505859
0.001032 2434.708008
0.000962 2438.944824
0.000952 2443.216309
0.001000 2447.521240
0.001096 2451.859619
0.001178 2456.231445
0.001144 2460.635986
0.000970 2465.072021
0.000644 2469.540283
0.000202 2474.039307
-0.000216 2478.568604
-0.000556 2483.127930
-0.000737 2487.710205
-0.000787 2492.264893
-0.000909 2496.734131
-0.001200 2501.099609
-0.001767 2505.345459
-0.002466 2509.481445
-0.003033 2513.509033
-0.003224 2517.438232
-0.003106 2521.288574
-0.003012 2525.044678
-0.003172 2528.710205
-0.004127 2532.296387
-0.005955 2535.805420
-0.008159 2539.242920
-0.010372 2542.610840
-0.012175 2545.910400
-0.013195 2549.145508
-0.013452 2552.322754
-0.013664 2555.446045
-0.014065 2558.517090
-0.014742 2561.535889
-0.015896 2564.502930
-0.017340 2567.416992
-0.018790 2570.278564
-0.020069 2573.089355
-0.021058 2575.852783
-0.021348 2578.572021
-0.021168 2581.267822
-0.020798 2583.978027
-0.020186 2586.716797
-0.019405 2589.485107
-0.018581 2592.286133
-0.017811 2595.119629
-0.017012 2597.988770
-0.016041 2600.895752
-0.014791 2603.845215
-0.013144 2606.841064
-0.011566 2609.884033
-0.010230 2612.975342
-0.009380 2616.115723
-0.009210 2619.305908
-0.009768 2622.543457
-0.010467 2625.830811
-0.010736 2629.166260
-0.010581 2632.549072
-0.009711 2635.979492
-0.008400 2639.457275
-0.007167 2642.983398
-0.006270 2646.557129
-0.005480 2650.179932
-0.004633 2653.851318
-0.003941 2657.572021
-0.003188 2661.340820
-0.002335 2665.156982
-0.001584 2669.020508
-0.001044 2672.930420
-0.000616 2676.887939
-0.000173 2680.891602
0.000168 2684.941406
0.000496 2689.037598
0.000786 2693.179688
0.000973 2697.366943
0.001069 2701.598877
0.001190 2705.875000
0.001363 2710.195801
0.001524 2714.560547
0.001725 2718.968750
0.002023 2723.420410
0.002458 2727.913574
0.003088 2732.442627
0.003820 2736.995605
0.004563 2741.583984
0.005224 2746.207275
0.005739 2750.858154
0.006060 2755.527832
0.006311 2760.215820
0.006565 2764.920654
0.006801 2769.630859
0.007055 2774.332764
0.007288 2779.022949
0.007409 2783.706543
0.007446 2788.392090
0.007402 2793.083984
0.007273 2797.782959
0.007117 2802.488770
0.006892 2807.200439
0.006551 2811.918213
0.006207 2816.643799
0.005936 2821.378418
0.005818 2826.123291
0.005933 2830.878906
0.006448 2835.635254
0.007074 2840.387451
0.007627 2845.145264
0.008114 2849.921387
0.008317 2854.724365
0.008240 2859.555908
0.007887 2864.415283
0.007301 2869.302979
0.006496 2874.218018
0.005405 2879.160156
0.004117 2884.131592
0.002759 2889.133789
0.001640 2894.166992
0.000995 2899.231689
0.000935 2904.329102
0.001655 2909.459961
0.002847 2914.623535
0.003791 2919.818359
0.003890 2925.042969
0.002940 2930.296631
0.001274 2935.580322
-0.000702 2940.895996
-0.002136 2946.240723
-0.002616 2951.617432
-0.002343 2957.026367
-0.001564 2962.466309
-0.000784 2967.937988
-0.000351 2973.440186
-0.000446 2978.972656
-0.000761 2984.535645
-0.000919 2990.128418
-0.000912 2995.747803
-0.000801 3001.383545
-0.000727 3007.044922
-0.000648 3012.732178
-0.000542 3018.445557
-0.000435 3024.184570
-0.000319 3029.949951
-0.000245 3035.740967
-0.000242 3041.557617
-0.000350 3047.399658
-0.000533 3053.267334
-0.000724 3059.160645
-0.000872 3065.078369
-0.000934 3071.021973
-0.000875 3076.990234
-0.000645 3082.983154
-0.000312 3089.001709
0.000016 3095.043701
0.000342 3101.075928
0.000627 3107.023926
0.000840 3112.843994
0.000960 3118.520752
0.001020 3124.041748
0.000969 3129.408203
0.000799 3134.622314
0.000613 3139.687256
0.000471 3144.609619
0.000375 3149.386963
0.000265 3154.025391
0.000134 3158.520752
-0.000155 3162.868164
-0.000847 3167.070557
-0.002007 3171.131836
-0.003525 3175.056885
-0.005137 3178.852539
-0.006682 3182.528320
-0.007974 3186.098633
-0.009019 3189.562744
-0.009951 3192.930176
-0.011063 3196.214355
-0.012549 3199.420410
-0.014459 3202.552490
-0.016602 3205.615723
-0.018715 3208.614014
-0.020527 3211.548828
-0.021732 3214.423828
-0.022257 3217.239014
-0.022443 3219.995361
-0.022645 3222.697021
-0.022930 3225.344971
-0.023217 3227.951172
-0.023837 3230.559570
-0.024552 3233.199219
-0.024940 3235.875732
-0.024871 3238.589600
-0.024714 3241.340820
-0.024296 3244.128174
-0.023495 3246.951660
-0.022178 3249.810059
-0.020153 3252.703125
-0.017238 3255.634277
-0.014003 3258.602295
-0.011365 3261.606201
-0.009547 3264.654785
-0.008809 3267.752441
-0.009136 3270.899902
-0.009725 3274.098877
-0.009576 3277.340088
-0.008518 3280.607178
-0.006987 3283.916016
-0.005102 3287.268799
-0.003146 3290.666260
-0.001524 3294.108154
-0.000072 3297.594238
0.001411 3301.127930
0.002777 3304.709717
0.003577 3308.339355
0.003973 3312.016846
0.003898 3315.739746
0.003317 3319.508789
0.002555 3323.323730
0.002080 3327.185547
0.001915 3331.092773
0.001956 3335.045410
0.002291 3339.044189
0.002912 3343.087891
0.003647 3347.176270
0.004466 3351.308350
0.005265 3355.483643
0.005842 3359.700928
0.006124 3363.959717
0.006270 3368.258789
0.006226 3372.597900
0.005999 3376.976563
0.005786 3381.393799
0.005804 3385.848877
0.005976 3390.340820
0.006266 3394.851807
0.006609 3399.390869
0.006836 3403.958008
0.006872 3408.549805
0.006773 3413.163574
0.006679 3417.795654
0.006640 3422.444092
0.006680 3427.106934
0.006751 3431.779053
0.006769 3436.458252
0.006767 3441.143555
0.006650 3445.833008
0.006569 3450.522217
0.006636 3455.206543
0.006807 3459.880371
0.007035 3464.528564
0.007141 3469.148438
0.007094 3473.737061
0.006878 3478.289063
0.006643 3482.799072
0.006399 3487.267822
0.006316 3491.697510
0.006559 3496.087891
0.006916 3500.439453
0.007294 3504.754395
0.007495 3509.032227
0.007222 3513.273193
0.006467 3517.479980
0.005692 3521.654297
0.005316 3525.797852
0.005502 3529.914551
0.006444 3534.002686
0.007858 3538.060791
0.009088 3542.076904
0.009809 3546.048096
0.009903 3549.976074
0.009469 3553.866699
0.008933 3557.727783
0.008796 3561.572510
0.009049 3565.415771
0.009522 3569.265137
0.010051 3573.126465
0.010352 3577.006348
0.010250 3580.908936
0.009872 3584.836914
0.009352 3588.793213
0.008720 3592.780518
0.008162 3596.801270
0.007845 3600.857422
0.007692 3604.950684
0.007673 3609.080322
0.007830 3613.247070
0.008036 3617.452393
0.008162 3621.698242
0.008263 3625.986084
0.008429 3630.314697
0.008594 3634.683594
0.008672 3639.079834
0.008697 3643.499756
0.008513 3647.945801
0.008023 3652.412354
0.007406 3656.896973
0.006858 3661.383301
0.006535 3665.862305
0.006570 3670.340576
0.006952 3674.823242
0.007511 3679.322754
0.007964 3683.849121
0.008323 3688.404541
0.008538 3692.990479
0.008571 3697.608154
0.008548 3702.256592
0.008539 3706.935059
0.008449 3711.642578
0.008307 3716.377930
0.008180 3721.141602
0.008004 3725.932861
0.007745 3730.751709
0.007600 3735.596924
0.007519 3740.468262
0.007302 3745.366699
0.007064 3750.291504
0.006836 3755.241943
0.006487 3760.217041
0.006032 3765.218018
0.005693 3770.245850
0.005532 3775.300781
0.005490 3780.383057
0.005680 3785.491943
0.006032 3790.626465
0.006352 3795.784912
0.006569 3800.966553
0.006652 3806.171631
0.006522 3811.399414
0.006195 3816.649414
0.005864 3821.921875
0.005579 3827.216309
0.005317 3832.533447
0.005136 3837.873047
0.005002 3843.235596
0.004823 3848.620361
0.004514 3854.026855
0.003997 3859.455566
0.003194 3864.907959
0.002137 3870.383789
0.001060 3875.884766
0.000135 3881.405273
-0.000498 3886.939697
-0.000744 3892.500244
-0.000692 3898.084473
-0.000419 3903.693359
-0.000171 3909.326660
-0.000107 3914.983643
-0.000146 3920.665527
-0.000249 3926.370361
-0.000320 3932.098145
-0.000339 3937.849121
-0.000252 3943.623535
-0.000160 3949.421387
-0.000128 3955.242432
-0.000100 3961.086426
-0.000103 3966.953857
-0.000158 3972.843994
-0.000241 3978.756104
-0.000345 3984.690918
-0.000470 3990.648438
-0.000588 3996.629150
-0.000638 4002.632568
-0.000600 4008.658203
-0.000475 4014.705811
-0.000292 4020.776123
-0.000103 4026.868164
0.000049 4032.982178
0.000117 4039.118164
0.000130 4045.275391
0.000106 4051.454102
0.000114 4057.654297
0.000178 4063.875244
0.000264 4070.116211
0.000362 4076.377441
0.000399 4082.659668
0.000380 4088.962891
0.000399 4095.286133
0.000596 4101.629395
0.001026 4107.992188
0.001624 4114.374512
0.002347 4120.775391
0.003003 4127.194824
0.003419 4133.630859
0.003568 4140.082520
0.003608 4146.548340
0.003598 4153.028320
0.003600 4159.520508
0.003707 4166.019531
0.003896 4172.520996
0.004049 4179.020020
0.004109 4185.510742
0.004121 4191.988281
0.004048 4198.446289
0.003941 4204.883301
0.003942 4211.298340
0.004027 4217.689941
0.004223 4224.058594
0.004534 4230.402832
0.004862 4236.711914
0.005007 4242.982910
0.004958 4249.215820
0.004714 4255.422852
0.004346 4261.623047
0.004072 4267.815918
0.003969 4274.000977
0.003950 4280.191895
0.004002 4286.396484
0.004129 4292.613770
0.004208 4298.842285
0.004164 4305.082520
0.004184 4311.335938
0.004156 4317.600098
0.003965 4323.874512
0.003671 4330.160645
0.003277 4336.456543
0.002817 4342.762695
0.002429 4349.080078
0.002157 4355.409180
0.001801 4361.750488
0.001301 4368.103027
0.000797 4374.468750
0.000329 4380.850586
-0.000019 4387.247070
-0.000087 4393.660156
0.000059 4400.088379
0.000201 4406.532227
0.000234 4412.992188
0.000076 4419.467285
-0.000253 4425.958984
-0.000608 4432.466797
-0.000843 4438.990723
-0.000904 4445.530273
-0.000895 4452.085938
-0.000765 4458.656738
-0.000509 4465.243652
-0.000131 4471.845703
0.000214 4478.462891
0.000391 4485.093750
0.000383 4491.738770
0.000150 4498.398438
-0.000259 4505.073730
-0.000645 4511.764160
-0.000898 4518.469238
-0.001032 4525.188477
-0.001029 4531.921387
-0.000956 4538.668945
-0.000984 4545.430176
-0.001134 4552.205078
-0.001268 4558.982422
-0.001349 4565.767578
-0.001433 4572.563477
-0.001488 4579.370117
-0.001531 4586.187012
-0.001579 4593.014648
-0.001553 4599.852539
-0.001453 4606.699707
-0.001307 4613.557617
-0.001132 4620.425293
-0.000968 4627.302246
-0.000986 4634.188965
-0.001194 4641.086426
-0.001428 4647.993652
-0.001629 4654.909668
-0.001739 4661.833984
-0.001657 4668.769043
-0.001480 4675.712402
-0.001328 4682.666016
-0.001207 4689.629883
-0.001089 4696.604004
-0.001020 4703.586914
-0.000935 4710.580566
-0.000768 4717.583008
-0.000617 4724.595703
-0.000533 4731.618164
-0.000463 4738.649414
-0.000397 4745.689941
-0.000337 4752.739746
-0.000326 4759.798340
-0.000389 4766.865234
-0.000580 4773.940430
-0.000863 4781.024902
-0.001195 4788.117188
-0.001507 4795.218262
-0.001680 4802.327148
-0.001683 4809.444336
-0.001555 4816.569336
-0.001419 4823.702148
-0.001337 4830.842773
-0.001381 4837.991211
-0.001513 4845.146484
-0.001626 4852.309570
-0.001737 4859.479980
-0.001768 4866.657715
-0.001650 4873.843262
-0.001376 4881.036133
-0.001063 4888.234863
-0.000744 4895.409180
-0.000444 4902.485352
-0.000331 4909.418945
-0.000317 4916.193359
-0.000335 4922.799316
-0.000387 4929.232422
-0.000431 4935.500977
-0.000402 4941.608398
-0.000312 4947.560059
-0.000266 4953.358398
-0.000199 4958.998535
-0.000116 4964.486816
-0.000019 4969.829102
0.000118 4975.032227
0.000315 4980.099609
0.000567 4985.030273
0.000887 4989.830078
0.001416 4994.496094
0.002121 4999.016602
0.002993 5003.390625
0.004028 5007.629883
0.005129 5011.744629
0.006187 5015.742188
0.007080 5019.635742
0.007850 5023.431152
0.008302 5027.134277
0.008498 5030.753418
0.008438 5034.293457
0.008225 5037.760742
0.008245 5041.163574
0.008931 5044.508301
0.010346 5047.801270
0.012447 5051.044922
0.015050 5054.232910
0.017073 5057.366211
0.018030 5060.447754
0.018208 5063.479492
0.017659 5066.468262
0.016753 5069.423340
0.016136 5072.360352
0.016373 5075.302246
0.016545 5078.267090
0.016748 5081.259766
0.017090 5084.282227
0.017047 5087.336426
0.016518 5090.421875
0.015934 5093.538574
0.015391 5096.687988
0.014590 5099.870605
0.013927 5103.084961
0.013587 5106.328125
0.013331 5109.603516
0.013079 5112.915527
0.012696 5116.265137
0.011807 5119.654785
0.010091 5123.083984
0.008195 5126.554199
0.006472 5130.066406
0.005251 5133.621094
0.004842 5137.218262
0.005227 5140.857422
0.005948 5144.539551
0.006423 5148.263672
0.006322 5152.028809
0.005466 5155.834961
0.004034 5159.682129
0.002558 5163.570801
0.001377 5167.503418
0.000666 5171.477051
0.000447 5175.492188
0.000538 5179.549316
0.000702 5183.647949
0.000816 5187.787598
0.000871 5191.968750
0.001039 5196.190430
0.001436 5200.452637
0.002059 5204.754883
0.002790 5209.096191
0.003466 5213.476074
0.003942 5217.893066
0.004118 5222.347168
0.004045 5226.837402
0.003900 5231.363770
0.003728 5235.920898
0.003641 5240.495605
0.003595 5245.098633
0.003495 5249.730957
0.003309 5254.392090
0.003065 5259.082031
0.002902 5263.801270
0.002843 5268.549805
0.002989 5273.326660
0.003365 5278.131836
0.003719 5282.964355
0.003823 5287.823242
0.003467 5292.708008
0.002502 5297.618652
0.000884 5302.556641
-0.001151 5307.520996
-0.003234 5312.510742
-0.005139 5317.524414
-0.006549 5322.545410
-0.007297 5327.548340
-0.007535 5332.515625
-0.007381 5337.445313
-0.007030 5342.337891
-0.006771 5347.192871
-0.006672 5352.010742
-0.006771 5356.791504
-0.007086 5361.539551
-0.007621 5366.273438
-0.008123 5371.001465
-0.008481 5375.736328
-0.008711 5380.487793
-0.008628 5385.258789
-0.008439 5390.048828
-0.008366 5394.858887
-0.008358 5399.687500
-0.008507 5404.537109
-0.008751 5409.405762
-0.009058 5414.290039
-0.009144 5419.189941
-0.009033 5424.105469
-0.008705 5429.038574
-0.007964 5433.986816
-0.006807 5438.950684
-0.005106 5443.929199
-0.003061 5448.924805
-0.001000 5453.939941
0.000565 5458.975586
0.001079 5464.033203
0.000560 5469.114258
-0.000785 5474.220703
-0.002512 5479.352051
-0.004218 5484.506348
-0.005303 5489.684570
-0.005643 5494.886719
-0.005629 5500.111816
-0.005143 5505.358398
-0.004068 5510.628906
-0.002669 5515.921387
-0.001275 5521.237305
0.000189 5526.576660
0.001459 5531.943359
0.002218 5537.338867
0.002773 5542.760742
0.003332 5548.209961
0.003769 5553.685547
0.003949 5559.185547
0.004028 5564.710449
0.003754 5570.257813
0.003159 5575.802246
0.002643 5581.302734
0.002533 5586.730957
0.002877 5592.070313
0.003366 5597.312500
0.003674 5602.447266
0.003610 5607.481445
0.003234 5612.414551
0.002913 5617.254395
0.002902 5621.990723
0.003322 5626.623047
0.003952 5631.155762
0.004601 5635.587891
0.004954 5639.917969
0.004900 5644.153809
0.004791 5648.306152
0.004926 5652.367188
0.005124 5656.348145
0.005667 5660.256836
0.006815 5664.097656
0.008159 5667.875000
0.009454 5671.590820
0.010863 5675.242676
0.012162 5678.830078
0.012815 5682.354980
0.013021 5685.821777
0.012915 5689.232422
0.012636 5692.588867
0.012517 5695.896973
0.012990 5699.157715
0.013690 5702.375000
0.014367 5705.561523
0.015268 5708.755371
0.015846 5711.981445
0.016030 5715.244141
0.015866 5718.544434
0.015597 5721.880859
0.015060 5725.253906
0.014394 5728.659668
0.013801 5732.097168
0.012813 5735.564941
0.011799 5739.059570
0.011076 5742.580078
0.010562 5746.127441
0.010312 5749.706055
0.010383 5753.323730
0.010751 5756.981934
0.010868 5760.679199
0.010954 5764.416016
0.011042 5768.192383
0.010957 5772.008789
0.010616 5775.864746
0.010131 5779.757813
0.009410 5783.690430
0.008095 5787.658691
0.006451 5791.666016
0.004588 5795.711914
0.002678 5799.796387
0.000975 5803.920898
-0.000186 5808.087891
-0.000744 5812.297363
-0.000937 5816.549316
-0.000854 5820.841797
-0.000703 5825.175781
-0.000702 5829.550293
-0.000866 5833.963867
-0.001077 5838.416016
-0.001153 5842.906738
-0.001046 5847.435547
-0.000790 5851.985840
-0.000548 5856.563477
-0.000367 5861.173340
-0.000224 5865.816895
-0.000127 5870.491699
-0.000074 5875.198242
-0.000075 5879.936523
-0.000144 5884.706055
-0.000287 5889.508301
-0.000459 5894.340820
-0.000595 5899.204590
-0.000650 5904.099609
-0.000621 5909.024902
-0.000508 5913.980957
-0.000327 5918.966797
-0.000109 5923.983887
0.000110 5929.031250
0.000273 5934.107910
0.000342 5939.215332
0.000327 5944.352539
0.000253 5949.519043
0.000148 5954.714844
0.000065 5959.938477
0.000026 5965.189453
-0.000011 5970.467285
-0.000082 5975.772949
-0.000157 5981.104492
-0.000217 5986.461914
-0.000263 5991.843750
-0.000264 5997.249023
-0.000215 6002.677734
-0.000146 6008.128906
-0.000075 6013.601074
-0.000005 6019.093262
0.000066 6024.604980
0.000137 6030.133789
0.000194 6035.680664
0.000228 6041.243652
0.000220 6046.822266
0.000165 6052.416016
0.000098 6058.023926
0.000044 6063.644043
0.000010 6069.265137
-0.000023 6074.896484
-0.000072 6080.540039
-0.000121 6086.194824
-0.000157 6091.860840
-0.000163 6097.539551
-0.000141 6103.231445
-0.000065 6108.935547
0.000054 6114.652832
0.000135 6120.381836
0.000175 6126.125977
0.000178 6131.883789
0.000138 6137.656250
0.000091 6143.443359
0.000074 6149.246094
0.000081 6155.063477
0.000074 6160.895996
0.000052 6166.745605
0.000010 6172.611328
-0.000049 6178.493164
-0.000085 6184.392578
-0.000083 6190.308105
-0.000045 6196.241211
0.000008 6202.191406
0.000038 6208.159180
0.000024 6214.144531
-0.000026 6220.145996
-0.000092 6226.164551
-0.000163 6232.200684
-0.000202 6238.253418
-0.000193 6244.321777
-0.000164 6250.406738
-0.000141 6256.508789
-0.000124 6262.626953
-0.000107 6268.761230
-0.000086 6274.911621
-0.000046 6281.078125
0.000024 6287.260742
0.000101 6293.458496
0.000151 6299.672363
0.000184 6305.902344
0.000208 6312.147949
0.000199 6318.409180
0.000145 6324.686523
0.000099 6330.979492
0.000079 6337.288086
0.000049 6343.612793
-0.000005 6349.953125
-0.000054 6356.307617
-0.000098 6362.677246
-0.000164 6369.060547
-0.000235 6375.458984
-0.000293 6381.871582
-0.000334 6388.299316
-0.000324 6394.741211
-0.000225 6401.198242
-0.000086 6407.669434
0.000023 6412.531738
